studio,domestic_gross,foreign_gross,year
BV,415000000.0,652000000,2010
BV,334200000.0,691300000,2010
WB,296000000.0,664300000,2010
WB,292600000.0,535700000,2010
P/DW,238700000.0,513900000,2010
Sum.,300500000.0,398000000,2010
Par.,312400000.0,311500000,2010
BV,200800000.0,391000000,2010
Uni.,251500000.0,291600000,2010
P/DW,217600000.0,277300000,2010
WB,163200000.0,330000000,2010
Fox,104400000.0,311300000,2010
Wein.,135500000.0,275400000,2010
BV,172100000.0,228000000,2010
Sony,176600000.0,182500000,2010
BV,90800000.0,245600000,2010
FoxS,107000000.0,222400000,2010
P/DW,148400000.0,173500000,2010
Uni.,105300000.0,216400000,2010
Par.,131800000.0,187900000,2010
Uni.,148400000.0,162200000,2010
SGem,60100000.0,240100000,2010
Par.,128000000.0,166800000,2010
Sony,118300000.0,175200000,2010
WB (NL),95300000.0,193000000,2010
Sony,67600000.0,210700000,2010
LGF,103100000.0,171400000,2010
Sony,162000000.0,109400000,2010
Fox,76400000.0,185500000,2010
Par.,171200000.0,81000000,2010
Fox,42800000.0,194600000,2010
Fox,88800000.0,137700000,2010
Sony,97000000.0,128000000,2010
WB (NL),110500000.0,106000000,2010
BV,63200000.0,152100000,2010
WB,100500000.0,111200000,2010
Sony,80600000.0,124000000,2010
WB,100200000.0,101300000,2010
Sum.,90400000.0,108600000,2010
Par.,84800000.0,92800000,2010
Fox,77200000.0,100000000,2010
Par.,117200000.0,54500000,2010
Sony,119200000.0,51200000,2010
Fox,81600000.0,86200000,2010
BV,42400000.0,116900000,2010
WB,94800000.0,62300000,2010
WB,92200000.0,61800000,2010
Fox,98700000.0,53600000,2010
WB,55700000.0,84400000,2010
Uni.,62000000.0,77800000,2010
Sony,67099999.0,69300000,2010
LGF,45700000.0,90400000,2010
Fox,52500000.0,82300000,2010
Par.,93600000.0,35600000,2010
Fox,52000000.0,75200000,2010
WB (NL),63100000.0,52600000,2010
SGem,80000000.0,35000000,2010
WB,43600000.0,68900000,2010
Fox,60000000.0,52400000,2010
WB,53400000.0,52300000,2010
WB,32700000.0,72500000,2010
MBox,10100000.0,94300000,2010
Fox,32400000.0,70500000,2010
CL,63000.0,100200000,2010
LGF,47100000.0,51100000,2010
LGF,48100000.0,48100000,2010
Uni.,35100000.0,59800000,2010
Uni.,29000000.0,64200000,2010
Uni.,61000000.0,30300000,2010
SGem,39400000.0,50100000,2010
BV,63000000.0,26100000,2010
P/DW,73000000.0,13800000,2010
Fox,33600000.0,50100000,2010
W/Dim.,25000000.0,58200000,2010
BV,19400000.0,63200000,2010
WB,43300000.0,37800000,2010
Fox,36700000.0,43900000,2010
Sum.,53000000.0,26100000,2010
CBS,37500000.0,40000000,2010
CL,427000.0,75600000,2010
Fox,64000000.0,11700000,2010
SGem,58400000.0,16600000,2010
WB,52400000.0,21500000,2010
SGem,57700000.0,11300000,2010
BV,48500.0,68600000,2010
SGem,40200000.0,27800000,2010
Focus,35600000.0,32299999,2010
LGF,41000000.0,26700000,2010
LGF,21100000.0,46300000,2010
MBox,7600000.0,59500000,2010
Uni.,21400000.0,45400000,2010
MGM,50300000.0,14300000,2010
Uni.,33600000.0,29100000,2010
FoxS,18300000.0,42400000,2010
LGF,60100000.0,578000,2010
BV,59700000.0,537000,2010
Sum.,15500000.0,44700000,2010
Par.,31000000.0,29000000,2010
Sum.,19100000.0,37000000,2010
WB,44900000.0,10700000,2010
Over.,39100000.0,15700000,2010
LGF,24100000.0,28700000,2010
LGF,30100000.0,21300000,2010
LGF,25100000.0,25400000,2010
Mira.,27800000.0,22100000,2010
Par.,32000000.0,17800000,2010
SGem,42700000.0,6300000,2010
Sony,30200000.0,18500000,2010
Uni.,31200000.0,17000000,2010
Uni.,31500000.0,16100000,2010
IFC,504000.0,46900000,2010
LGF,24300000.0,20900000,2010
IFC,128000.0,44100000,2010
Fox,26600000.0,17500000,2010
MBox,5200000.0,38300000,2010
CJ,528000.0,42500000,2010
BV,32700000.0,10400000,2010
FoxS,4000000.0,38300000,2010
WB (NL),17800000.0,24200000,2010
Wein.,658000.0,40500000,2010
NM,619000.0,38400000,2010
LGF,37700000.0,17300,2010
Over.,27200000.0,9300000,2010
Sum.,17600000.0,18600000,2010
CBS,23200000.0,12400000,2010
Focus,20800000.0,13900000,2010
SPC,3200000.0,31000000,2010
SPC,6400000.0,27600000,2010
Fox,10700000.0,22500000,2010
Uni.,25900000.0,6700000,2010
BV,25700000.0,6300000,2010
MBox,552000.0,30500000,2010
WB,23600000.0,5800000,2010
ParV,13300000.0,14900000,2010
Fox,26200000.0,1100000,2010
WB,17000000.0,9800000,2010
Sum.,9500000.0,14600000,2010
Over.,12100000.0,12000000,2010
Gold.,4800000.0,17500000,2010
FoxS,21500000.0,29900,2010
FoxS,20300000.0,1200000,2010
Uni.,14700000.0,6200000,2010
JS,177000.0,20800000,2010
RAtt.,2000000.0,18700000,2010
SGem,20200000.0,310000,2010
SPC,3200000.0,16500000,2010
W/Dim.,15300000.0,4400000,2010
LGF,1000000.0,18100000,2010
Magn.,27800.0,18500000,2010
Uni.,13800000.0,4600000,2010
SPC,2100000.0,15800000,2010
IFC,277000.0,17600000,2010
Magn.,552000.0,16600000,2010
SPC,1300000.0,15100000,2010
Free,195000.0,16000000,2010
3D,6100000.0,9900000,2010
UTV,848000.0,14900000,2010
CBS,12100000.0,3100000,2010
Focus,1800000.0,12200000,2010
RAtt.,6500000.0,7300000,2010
SPC,6600000.0,6900000,2010
UTV,1500000.0,11100000,2010
SPC,1100000.0,11300000,2010
Wein.,9700000.0,2600000,2010
SPC,560000.0,11400000,2010
SPC,3100000.0,8600000,2010
IFC,55800.0,11500000,2010
Rela.,5700000.0,5400000,2010
Magn.,5000000.0,5900000,2010
WB,10500000.0,356000,2010
Gold.,1800000.0,8500000,2010
FoxS,7500000.0,2500000,2010
FoxS,6800000.0,2900000,2010
SPC,9200000.0,518000,2010
Focus,7300000.0,2200000,2010
Over.,1800000.0,7700000,2010
UTV,758000.0,8700000,2010
FoxS,2400000.0,7000000,2010
Zeit.,675000.0,8700000,2010
Uni.,8500000.0,797000,2010
Anch.,6700000.0,1200000,2010
SPC,4300000.0,3600000,2010
RAtt.,1500000.0,5500000,2010
Magn.,124000.0,6700000,2010
SPC,1000000.0,5700000,2010
Wein.,1500000.0,5100000,2010
Focus,6400000.0,128000,2010
ParV,6400000.0,9300,2010
Focus,4200000.0,1900000,2010
SPC,1600000.0,4099999,2010
IFC,619000.0,5100000,2010
SPC,2200000.0,3400000,2010
PDA,3300000.0,2000000,2010
Lorb.,532000.0,4700000,2010
Anch.,4400000.0,818000,2010
LGF,2200000.0,2900000,2010
Zeit.,435000.0,4600000,2010
SPC,1100000.0,3900000,2010
App.,3600000.0,1100000,2010
Drft.,305000.0,4400000,2010
SPC,404000.0,4200000,2010
SPC,4000000.0,280000,2010
Magn.,237000.0,4000000,2010
Osci.,236000.0,3800000,2010
IFC,217000.0,3800000,2010
IW,1000000.0,2800000,2010
Gold.,3800000.0,45800,2010
IFC,108000.0,3600000,2010
Rog.,3200000.0,242000,2010
Free,109000.0,3300000,2010
0,96900.0,3300000,2010
Anch.,246000.0,2900000,2010
Eros,1300000.0,1700000,2010
Relbig.,1600000.0,1300000,2010
Viv.,2800000.0,60300,2010
Hann.,184000.0,2400000,2010
UTV,1100000.0,1400000,2010
IFC,375000.0,2000000,2010
Eros,1200000.0,1200000,2010
Eros,1100000.0,935000,2010
Anch.,109000.0,1900000,2010
IFC,1600000.0,391000,2010
WB,1800000.0,0,2010
UTV,1000000.0,695000,2010
Magn.,550000.0,1100000,2010
Eros,855000.0,761000,2010
Strand,67500.0,1400000,2010
NGE,1300000.0,105000,2010
Relbig.,709000.0,648000,2010
Scre.,493000.0,859000,2010
UTV,0.0,1300000,2010
Kino,622000.0,669000,2010
Lorb.,37000.0,1200000,2010
SPC,368000.0,830000,2010
Osci.,617000.0,566000,2010
Kino,23700.0,1200000,2010
Abr.,246000.0,901000,2010
CZ,915000.0,183000,2010
ATO,1000000.0,40700,2010
IFC,176000.0,893000,2010
Eros,542000.0,499000,2010
UTV,638000.0,393000,2010
First,70100.0,949000,2010
MBox,711000.0,216000,2010
NM,341000.0,555000,2010
IFC,81800.0,798000,2010
IFC,146000.0,726000,2010
Strand,34500.0,837000,2010
Anch.,167000.0,701000,2010
Relbig.,428000.0,389000,2010
Eros,527000.0,277000,2010
IFC,281000.0,487000,2010
IFC,336000.0,418000,2010
GK,677000.0,62700,2010
WB,673000.0,0,2010
Eros,285000.0,369000,2010
Magn.,582000.0,62500,2010
Over.,542000.0,77600,2010
FInd.,303000.0,305000,2010
NFC,139000.0,447000,2010
Anch.,93100.0,480000,2010
Magn.,409000.0,160000,2010
Lorb.,11700.0,545000,2010
TFC,109000.0,393000,2010
IFC,144000.0,335000,2010
Pala.,115000.0,359000,2010
Magn.,453000.0,4500,2010
IFC,392000.0,0,2010
Kino,110000.0,274000,2010
Par.,366000.0,0,2010
Mira.,278000.0,68700,2010
Magn.,20900.0,323000,2010
Scre.,225000.0,101000,2010
Strand,21100.0,300000,2010
Gold.,159000.0,158000,2010
SPC,191000.0,121000,2010
Strand,208000.0,97100,2010
MBox,275000.0,28100,2010
Imag.,39000.0,255000,2010
Eros,286000.0,7100,2010
Zeit.,288000.0,0,2010
NAV,26300.0,250000,2010
Arth.,188000.0,88700,2010
CLS,199000.0,70800,2010
IFC,181000.0,70700,2010
Mont.,128000.0,106000,2010
Olive,2200.0,229000,2010
CGld,207000.0,0,2010
Free,17400.0,182000,2010
UTV,169000.0,24300,2010
Magn.,189000.0,3500,2010
Magn.,177000.0,0,2010
IFC,800.0,167000,2010
CGld,33200.0,131000,2010
Strand,10800.0,150000,2010
Magn.,133000.0,26400,2010
Magn.,102000.0,41500,2010
FOAK,107000.0,17300,2010
Sony,0.0,119000,2010
Magn.,101000.0,16400,2010
IVP,103000.0,9100,2010
Yash,43800.0,60700,2010
Scre.,0.0,99600,2010
Osci.,81700.0,15300,2010
BV,80700.0,4200,2010
ICir,73200.0,6400,2010
Yash,0.0,64400,2010
IFC,5000.0,57500,2010
FM,61600.0,0,2010
First,2000.0,53600,2010
IFC,4100.0,51000,2010
Vita.,52600.0,0,2010
Magn.,36100.0,16200,2010
WOW,30800.0,18600,2010
IFC,2600.0,44900,2010
FM,10000.0,31300,2010
Mont.,37200.0,3100,2010
Strand,33500.0,5200,2010
IFC,21800.0,11500,2010
Truly,32200.0,0,2010
Kino,18000.0,5400,2010
Strand,12000.0,10400,2010
Osci.,7400.0,10500,2010
Strand,11400.0,0,2010
Abr.,11400.0,0,2010
Indic.,10800.0,0,2010
Lorb.,4400.0,0,2010
Relbig.,0.0,3800,2010
WB,381000000.0,960500000,2011
P/DW,352400000.0,771400000,2011
BV,241100000.0,804600000,2011
Sum.,281300000.0,430900000,2011
Par.,209400000.0,485300000,2011
P/DW,165200000.0,500400000,2011
Uni.,209800000.0,416300000,2011
WB,254500000.0,332300000,2011
Sony,142600000.0,421100000,2011
BV,191500000.0,370700000,2011
P/DW,149300000.0,405700000,2011
WB,186800000.0,358600000,2011
Fox,143600000.0,341000000,2011
Fox,176800000.0,305000000,2011
Par.,181000000.0,268300000,2011
Par.,77600000.0,296400000,2011
Par.,176700000.0,193900000,2011
Fox,146400000.0,207200000,2011
Fox,133100000.0,209600000,2011
BV,85500000.0,213800000,2011
Uni.,169100000.0,119300000,2011
Par.,127000000.0,133100000,2011
Par.,123500000.0,122200000,2011
Sony,102500000.0,130100000,2011
Sony,98800000.0,129000000,2011
Rela.,83500000.0,143400000,2011
WB,116600000.0,103300000,2011
BV,169700000.0,46900000,2011
Sony,100300000.0,115900000,2011
Sony,103000000.0,111900000,2011
Sony,83600000.0,128300000,2011
WB (NL),117500000.0,92100000,2011
Par.,104000000.0,103000000,2011
BV,100000000.0,94000000,2011
Fox,68200000.0,119100000,2011
Par.,73900000.0,111900000,2011
BV,94200000.0,91300000,2011
Uni.,108100000.0,75900000,2011
BV,79900000.0,97700000,2011
FoxS,82600000.0,94700000,2011
Uni.,100200000.0,74600000,2011
Fox,37500000.0,136400000,2011
Sony,80400000.0,89500000,2011
BV,88600000.0,76600000,2011
Rela.,79200000.0,82600000,2011
Uni.,8300000.0,151800000,2011
WB (NL),42600000.0,115300000,2011
Uni.,78000000.0,74900000,2011
SPC,56800000.0,94300000,2011
WB,64000000.0,86400000,2011
BV,55100000.0,94800000,2011
Sony,74200000.0,75500000,2011
SGem,55800000.0,93700000,2011
Par.,70700000.0,78600000,2011
Sony,46500000.0,101000000,2011
Sum.,54700000.0,92600000,2011
WB,84400000.0,58500000,2011
WB (NL),54500000.0,87500000,2011
WB,75700000.0,59800000,2011
Wein.,44700000.0,88800000,2011
Sum.,20400000.0,111900000,2011
WB,63700000.0,67099999,2011
Uni.,62500000.0,65400000,2011
Fox,75600000.0,44500000,2011
Fox,58700000.0,58400000,2011
Wein.,30000000.0,84900000,2011
Sony,75600000.0,34600000,2011
Uni.,23200000.0,85400000,2011
Par.,73000000.0,26000000,2011
Uni.,37400000.0,60600000,2011
W/Dim.,38200000.0,59000000,2011
FD,54000000.0,43000000,2011
WB (NL),33000000.0,63000000,2011
WB,72300000.0,23100000,2011
Rela.,24800000.0,66800000,2011
WB,36400000.0,53400000,2011
WB,37700000.0,51500000,2011
W/Dim.,38500000.0,47000000,2011
WB,37300000.0,47600000,2011
WB (NL),45100000.0,38100000,2011
Fox,37900000.0,44800000,2011
LGF,28100000.0,54000000,2011
Focus,24100000.0,56500000,2011
SGem,29100000.0,49200000,2011
FD,35100000.0,41100000,2011
CBS,29100000.0,47000000,2011
Sony,41000000.0,35000000,2011
Uni.,37100000.0,38400000,2011
LGF,58000000.0,17000000,2011
Fox,52700000.0,19700000,2011
Uni.,35600000.0,36400000,2011
Uni.,48500000.0,21200000,2011
Sum.,21400000.0,43200000,2011
Focus,40300000.0,23500000,2011
Par.,51800000.0,11700000,2011
Vari.,100000.0,62900000,2011
TriS,36700000.0,24300000,2011
WB,39000000.0,21100000,2011
Focus,13800000.0,45500000,2011
CL,151000.0,58200000,2011
ORF,25100000.0,31300000,2011
WB,31800000.0,23400000,2011
FoxS,13300000.0,41000000,2011
LGF,53300000.0,816000,2011
IM,460000.0,51300000,2011
BV,26700000.0,23200000,2011
LGF,21300000.0,27500000,2011
TriS,43900000.0,3200000,2011
CJ,251000.0,45800000,2011
WB,33000000.0,12700000,2011
Focus,31200000.0,14500000,2011
CBS,27900000.0,15300000,2011
SPC,4000000.0,38200000,2011
WB,25900000.0,15600000,2011
Elev.,134000.0,41000000,2011
BV,18300000.0,22700000,2011
Sony,37100000.0,3500000,2011
SGem,37300000.0,3200000,2011
Rela.,18900000.0,21300000,2011
Fox,23200000.0,16500000,2011
Sum.,35000000.0,4200000,2011
BV,21400000.0,17600000,2011
Uni.,21300000.0,17200000,2011
TriS,37300000.0,415000,2011
FD,24000000.0,12900000,2011
Eros,2500000.0,33400000,2011
WB,35100000.0,326000,2011
Wein.,14600000.0,20500000,2011
Fox,30400000.0,4500000,2011
Focus,11200000.0,23500000,2011
TriS,34500000.0,0,2011
Vari.,66100.0,33600000,2011
BV,15400000.0,15400000,2011
SPC,3200000.0,27700000,2011
Wein.,9700000.0,20900000,2011
Fox,14000000.0,16399999,2011
Sum.,10700000.0,18200000,2011
SPC,2500000.0,25100000,2011
SPC,5700000.0,21800000,2011
Uni.,16900000.0,10500000,2011
Focus,19500000.0,7600000,2011
Vari.,50400.0,26500000,2011
W/Dim.,17700000.0,7900000,2011
RAtt.,5100000.0,20000000,2011
Uni.,21600000.0,3300000,2011
Wein.,24800000.0,0,2011
FD,13100000.0,10800000,2011
Strand,720000.0,22500000,2011
MBox,1600000.0,21600000,2011
LGF,13700000.0,9400000,2011
Par.,16300000.0,6600000,2011
Wein.,7700000.0,13400000,2011
NM,2700000.0,17600000,2011
SPC,7100000.0,12800000,2011
SPC,5400000.0,14200000,2011
RAtt.,5400000.0,14200000,2011
Fox,11900000.0,6800000,2011
FoxS,3900000.0,13800000,2011
Magn.,803000.0,16800000,2011
Wein.,10100000.0,6800000,2011
MBox,10400.0,16900000,2011
RAtt.,164000.0,16600000,2011
UTV,1500000.0,15200000,2011
Magn.,3000000.0,12900000,2011
Rela.,15000000.0,678000,2011
RAtt.,11500000.0,3900000,2011
Sony,4500000.0,10900000,2011
Vari.,206000.0,14900000,2011
IFC,158000.0,14600000,2011
NGE,44300.0,14600000,2011
IFC,3500000.0,11100000,2011
Focus,5800000.0,8500000,2011
Cohen,667000.0,13600000,2011
Magn.,129000.0,12600000,2011
NeoC,708000.0,12000000,2011
MBox,233000.0,12000000,2011
CL,69000.0,11800000,2011
CL,124000.0,11700000,2011
FoxS,1300000.0,10000000,2011
FoxS,10200000.0,652000,2011
NGE,5700000.0,5100000,2011
Kino,123000.0,10600000,2011
Jan.,612000.0,9900000,2011
SGem,10300000.0,0,2011
BV,10100000.0,0,2011
SPC,1000000.0,8600000,2011
MNE,24100.0,9600000,2011
LGF,1400000.0,7900000,2011
Magn.,708000.0,8500000,2011
SPC,543000.0,8700000,2011
SPC,4400000.0,4000000,2011
Magn.,44700.0,8400000,2011
PDA,1600000.0,6600000,2011
Trib.,99000.0,7600000,2011
Fox,7200000.0,244000,2011
Sum.,971000.0,6300000,2011
Rela.,6900000.0,0,2011
FoxS,6900000.0,0,2011
IFC,352000.0,6400000,2011
IFC,5300000.0,1200000,2011
CL,153000.0,6200000,2011
Osci.,1700000.0,4300000,2011
SGem,1000000.0,4800000,2011
Vita.,518000.0,5300000,2011
MBox,162000.0,5600000,2011
Rocket,32800.0,5700000,2011
IFC,1400000.0,4099999,2011
UTV,464000.0,5000000,2011
Wein.,4400000.0,441000,2011
FoxS,0.0,4800000,2011
Magn.,224000.0,4500000,2011
IFC,16100.0,4600000,2011
OMNI/FSR,1200000.0,3400000,2011
MBox,514000.0,4099999,2011
PDA,4400000.0,0,2011
IFC,4800.0,4300000,2011
FM,7600.0,4200000,2011
MBox,501000.0,3700000,2011
Magn.,253000.0,3900000,2011
IFC,4000000.0,0,2011
Strand,85500.0,3900000,2011
ParV,3400000.0,336000,2011
Imag.,138000.0,3600000,2011
Relbig.,3700000.0,0,2011
IFC,540000.0,3100000,2011
SPC,2100000.0,1500000,2011
FoxS,3000000.0,548000,2011
0,70600.0,3300000,2011
Wein.,3300000.0,0,2011
Rela.,539000.0,2800000,2011
Magn.,40500.0,3200000,2011
LGF,3000000.0,123000,2011
IFC,5000.0,3100000,2011
Eros,3100000.0,0,2011
SPC,1700000.0,1400000,2011
KKM,555000.0,2500000,2011
Lorb.,45800.0,2900000,2011
LGF,161000.0,2700000,2011
Gold.,1500000.0,1200000,2011
RAtt.,2700000.0,0,2011
Strand,60000.0,2600000,2011
Cohen,143000.0,2400000,2011
Magn.,14900.0,2300000,2011
Kino,356000.0,1900000,2011
Zeit.,71200.0,2100000,2011
CL,47900.0,2000000,2011
IFC,2000000.0,0,2011
Lorb.,14600.0,2000000,2011
Relbig.,1800000.0,0,2011
IFC,230000.0,1600000,2011
Strand,37700.0,1800000,2011
Argo.,29300.0,1800000,2011
FoxS,1300000.0,456000,2011
Sum.,1800000.0,0,2011
IFC,1700.0,1700000,2011
Eros,993000.0,600000,2011
Zeit.,1500000.0,0,2011
FoxS,1400000.0,0,2011
LGF,1400000.0,0,2011
Strand,184000.0,946000,2011
Gold.,1100000.0,0,2011
SMod,1100000.0,0,2011
Libre,7200.0,1100000,2011
Eros,1100000.0,0,2011
Olive,19600.0,1100000,2011
Magn.,22700.0,1000000,2011
Magn.,1100000.0,0,2011
IFC,32900.0,1000000,2011
Eros,987000.0,0,2011
Osci.,978000.0,0,2011
Anch.,45500.0,912000,2011
Eros,955000.0,0,2011
Wein.,373000.0,527000,2011
Wein.,468000.0,397000,2011
SPC,842000.0,0,2011
MBox,708000.0,132000,2011
FRun,3200.0,836000,2011
UTV,6300.0,826000,2011
Eros,728000.0,0,2011
NGE,332000.0,382000,2011
Magn.,703000.0,0,2011
IFC,697000.0,0,2011
UTV,577000.0,102000,2011
Relbig.,651000.0,0,2011
SPC,638000.0,0,2011
UTV,441000.0,193000,2011
Lorb.,8200.0,619000,2011
Magn.,201000.0,423000,2011
FM,8700.0,614000,2011
IFC,9200.0,602000,2011
IFC,68700.0,520000,2011
RAtt.,569000.0,0,2011
FoxS,564000.0,0,2011
Relbig.,544000.0,0,2011
IFC,119000.0,421000,2011
Yash,496000.0,0,2011
IFC,485000.0,0,2011
FM,3000.0,469000,2011
RAtt.,454000.0,0,2011
IFC,25400.0,427000,2011
RAtt.,411000.0,0,2011
Strand,5600.0,403000,2011
FM,64000.0,329000,2011
WHE,383000.0,0,2011
UTV,270000.0,94700,2011
P4,8500.0,347000,2011
Relbig.,351000.0,0,2011
KC,312000.0,30300,2011
IFC,328000.0,0,2011
IFC,312000.0,0,2011
SD,304000.0,0,2011
FD,304000.0,0,2011
FRun,8900.0,286000,2011
FM,700.0,289000,2011
CGld,282000.0,0,2011
Eros,274000.0,0,2011
IFC,274000.0,0,2011
Magn.,22600.0,243000,2011
Lorb.,153000.0,103000,2011
NGE,253000.0,0,2011
Lorb.,4200.0,248000,2011
FRun,1400.0,236000,2011
AM,237000.0,0,2011
FM,12100.0,220000,2011
IFC,224000.0,0,2011
Anch.,216000.0,0,2011
Kino,83500.0,125000,2011
MPFT,103000.0,102000,2011
Gold.,200000.0,0,2011
Lorb.,33000.0,159000,2011
Eros,189000.0,0,2011
Strand,13000.0,175000,2011
FM,9900.0,175000,2011
Scre.,184000.0,0,2011
Icar.,164000.0,13700,2011
AGF,15800.0,161000,2011
Osci.,168000.0,0,2011
SPC,163000.0,0,2011
Mont.,40300.0,121000,2011
Magn.,155000.0,0,2011
FRun,153000.0,0,2011
A23,151000.0,0,2011
IFC,142000.0,0,2011
IFC,141000.0,0,2011
Eros,140000.0,0,2011
Vari.,136000.0,0,2011
SPC,134000.0,0,2011
Da.,130000.0,0,2011
NYer,32100.0,96700,2011
Strand,21600.0,105000,2011
MBox,111000.0,14900,2011
P4,86000.0,38600,2011
MNE,120000.0,0,2011
Magn.,106000.0,0,2011
Magn.,100000.0,0,2011
Rialto,100000.0,0,2011
Eros,94300.0,0,2011
Pala.,81900.0,0,2011
Anch.,77200.0,0,2011
MNE,68900.0,0,2011
CL,66200.0,0,2011
Lorb.,27800.0,36200,2011
MBox,61800.0,0,2011
Eros,59500.0,0,2011
Wein.,55100.0,0,2011
Kino,51200.0,0,2011
Eros,48600.0,0,2011
FoxS,46500.0,0,2011
Magn.,45200.0,0,2011
IFC,41000.0,0,2011
DF,40600.0,0,2011
KL,39500.0,0,2011
IFC,36600.0,0,2011
CL,36500.0,0,2011
CL,34800.0,0,2011
IFC,33200.0,0,2011
P4,19700.0,12700,2011
Anch.,30700.0,0,2011
UTV,30100.0,0,2011
Strand,29100.0,0,2011
Strand,22300.0,0,2011
Magn.,22300.0,0,2011
Strand,8700.0,13200,2011
Eros,21400.0,0,2011
NeoC,0.0,19000,2011
Anch.,17500.0,0,2011
CGld,5700.0,5100,2011
CL,10700.0,0,2011
IFC,8000.0,0,2011
IFC,6900.0,0,2011
Magn.,6400.0,0,2011
KL,6300.0,0,2011
Strand,4000.0,900,2011
ALP,2800.0,0,2011
Vita.,2600.0,0,2011
Magn.,2600.0,0,2011
IFC,1900.0,0,2011
IFC,1300.0,0,2011
BV,623400000.0,895500000,2012
Sony,304400000.0,804200000,2012
WB,448100000.0,636800000,2012
WB (NL),303000000.0,718100000,2012
Fox,161300000.0,715900000,2012
LG/S,292300000.0,537400000,2012
Sony,262000000.0,495900000,2012
P/DW,216400000.0,530500000,2012
LGF,408000000.0,286400000,2012
Sony,179000000.0,445000000,2012
Fox,125000000.0,484000000,2012
Uni.,218800000.0,330600000,2012
BV,237300000.0,303200000,2012
BV,189400000.0,281800000,2012
Uni.,148800000.0,293000000,2012
Wein.,10200000.0,416400000,2012
Wein.,162800000.0,262600000,2012
Fox,126500000.0,276900000,2012
Uni.,155300000.0,241300000,2012
Fox,139900000.0,236300000,2012
Sony,148300000.0,210100000,2012
Uni.,214000000.0,134800000,2012
Par.,57900000.0,285700000,2012
WB (NL),103900000.0,231400000,2012
LGF,85000000.0,229900000,2012
P/DW,103400000.0,203500000,2012
WB,83700000.0,221600000,2012
Uni.,65400000.0,237600000,2012
BV,73100000.0,211100000,2012
Uni.,113200000.0,162900000,2012
BV,182200000.0,93100000,2012
WB,79700000.0,165800000,2012
SGem,42300000.0,197700000,2012
Wein.,132100000.0,104300000,2012
Uni.,57000000.0,178000000,2012
WB,136000000.0,96300000,2012
Par.,80100000.0,138300000,2012
Uni.,126400000.0,81700000,2012
Sony,138400000.0,63100000,2012
Sony,58900000.0,139600000,2012
SGem,125000000.0,71100000,2012
Rela.,64900000.0,118100000,2012
LG/S,19000000.0,161300000,2012
Par.,59700000.0,119700000,2012
TriS,66500000.0,110000000,2012
WB,113700000.0,53500000,2012
Par.,93800000.0,68000000,2012
SGem,62300000.0,97800000,2012
Fox,54800000.0,101700000,2012
BV,19200000.0,126400000,2012
Par.,53900000.0,88900000,2012
LG/S,35100000.0,105400000,2012
FoxS,46400000.0,90400000,2012
Sony,95700000.0,37100000,2012
Sony,51800000.0,80800000,2012
WB,27100000.0,103400000,2012
CBS,54300000.0,73400000,2012
Fox,64599999.0,62100000,2012
Sony,31100000.0,92000000,2012
Fox,77300000.0,42500000,2012
Fox,37500000.0,79000000,2012
Uni.,65000000.0,50300000,2012
Sony,63500000.0,50700000,2012
Focus,56000000.0,51100000,2012
WB,86900000.0,18000000,2012
Vari.,63000.0,104300000,2012
Fox,43500000.0,59300000,2012
WB,54700000.0,48000000,2012
Par.,53300000.0,48500000,2012
WB,60500000.0,38900000,2012
Uni.,66500000.0,29700000,2012
SGem,91500000.0,4500000,2012
Uni.,67500000.0,20500000,2012
WHE,36000.0,88000000,2012
LGF,49100000.0,36300000,2012
LGF,41200000.0,43200000,2012
WGUSA,686000.0,82800000,2012
Uni.,47400000.0,35600000,2012
BV,35300000.0,46200000,2012
Rela.,70000000.0,11300000,2012
CJ,923000.0,79800000,2012
LG/S,48100000.0,29600000,2012
ORF,51600000.0,25700000,2012
Fox,49000000.0,28100000,2012
SPC,16700000.0,56600000,2012
Sony,45300000.0,27800000,2012
BV,41100000.0,28200000,2012
Focus,12800000.0,56100000,2012
Fox,35400000.0,32900000,2012
Focus,45500000.0,22800000,2012
LGF,65700000.0,1200000,2012
LGF,42100000.0,24400000,2012
BV,47600000.0,14400000,2012
WB (NL),38500000.0,20900000,2012
Sony,36900000.0,20800000,2012
BV,51900000.0,4200000,2012
Fox,44300000.0,10500000,2012
Uni.,28800000.0,25100000,2012
Wein.,37400000.0,16300000,2012
ORF,17500000.0,34800000,2012
Fox,49900000.0,489000,2012
BV,34000000.0,16200000,2012
WB,35800000.0,13200000,2012
MPI,206000.0,48300000,2012
ORF,41000000.0,7100000,2012
LG/S,18600000.0,27600000,2012
FD,44800000.0,0,2012
Rela.,31600000.0,12700000,2012
Par.,37100000.0,4700000,2012
CJ,343000.0,41300000,2012
LGF,17100000.0,23200000,2012
Wein.,15000000.0,22900000,2012
WB,18100000.0,19000000,2012
LGF,26400000.0,10500000,2012
LGF,13400000.0,22200000,2012
LGF,35000000.0,553000,2012
RAtt.,7900000.0,27600000,2012
BV,29000000.0,5900000,2012
LG/S,25900000.0,8700000,2012
CBS,9000000.0,25500000,2012
NeoC,35700.0,34400000,2012
Par.,12500000.0,21600000,2012
LG/S,17700000.0,15600000,2012
Rela.,18900000.0,14400000,2012
Par.,25300000.0,7400000,2012
FD,14300000.0,17900000,2012
WB,30900000.0,226000,2012
Sony,20300000.0,10800000,2012
Rela.,16000000.0,13600000,2012
UTV,777000.0,28600000,2012
RTWC,11100.0,29100000,2012
FIP,1200000.0,27600000,2012
Wein.,16399999.0,11900000,2012
SPC,2100000.0,23700000,2012
Uni.,20200000.0,4600000,2012
TriS,24400000.0,240000,2012
WB,14600000.0,9100000,2012
FoxS,6000000.0,17600000,2012
P/DW,18500000.0,3600000,2012
Uni.,17500000.0,4200000,2012
FoxS,12800000.0,8300000,2012
IFC,211000.0,20200000,2012
SPC,6700000.0,13100000,2012
Uni.,15600000.0,4099999,2012
RTWC,0.0,19600000,2012
CBS,15000000.0,4400000,2012
LG/S,11700000.0,6400000,2012
RF,13000.0,17600000,2012
LG/S,3800000.0,13100000,2012
CJ,70200.0,16500000,2012
Free,4900.0,16500000,2012
IFC,548000.0,15600000,2012
Magn.,1200000.0,14500000,2012
ORF,13700000.0,704000,2012
Wein.,47800.0,13800000,2012
MNE,52600.0,13500000,2012
CBS,11500000.0,1700000,2012
FD,13100000.0,0,2012
ORF,12800000.0,347000,2012
RAtt.,7300000.0,5800000,2012
KL,386000.0,12200000,2012
Drft.,68800.0,12400000,2012
BV,12400000.0,0,2012
Anch.,412000.0,11900000,2012
RTWC,448000.0,11500000,2012
Wein.,144000.0,11600000,2012
Par.,9400000.0,2000000,2012
Magn.,9600.0,10100000,2012
Cohen,499000.0,9200000,2012
Focus,7100000.0,2600000,2012
WB,4900000.0,4700000,2012
ArcEnt,5700000.0,4000000,2012
SPC,1800000.0,7700000,2012
MNE,9200000.0,0,2012
FoxS,6000000.0,3100000,2012
FoxS,2500000.0,6600000,2012
Focus,6400000.0,2500000,2012
IFC,744000.0,8000000,2012
PalUni,256000.0,8400000,2012
W/Dim.,377000.0,8100000,2012
Wein.,206000.0,8199999,2012
EpicPics,14400.0,8300000,2012
Magn.,120000.0,8199999,2012
Focus,7600000.0,541000,2012
EOne,122000.0,8000000,2012
LGF,5900000.0,2100000,2012
UTV,599000.0,7400000,2012
Magn.,1500000.0,6000000,2012
KL,43200.0,7200000,2012
Strand,22000.0,7100000,2012
LD,6800000.0,0,2012
MBox,2000000.0,4600000,2012
Magn.,4200000.0,2300000,2012
EOne,764000.0,5300000,2012
Fox,6000000.0,600,2012
IFC,59100.0,5800000,2012
Elev.,180000.0,5600000,2012
RAtt.,3000000.0,2600000,2012
SPC,1000000.0,4500000,2012
Fox,5300000.0,0,2012
Cohen,1600000.0,3700000,2012
Imag.,0.0,5200000,2012
LGF,2600000.0,2000000,2012
ParV,4300000.0,148000,2012
AF,1000000.0,3100000,2012
SPC,4099999.0,0,2012
0,0.0,4000000,2012
FD,4000000.0,0,2012
ArcEnt,3400000.0,526000,2012
NYer,0.0,3800000,2012
Cohen,355000.0,3400000,2012
RAtt.,354000.0,3400000,2012
GK,23400.0,3700000,2012
SPC,3700000.0,0,2012
LD,2000000.0,1700000,2012
Trib.,75700.0,3400000,2012
Gold.,3300000.0,0,2012
Par.,3100000.0,0,2012
SPC,3100000.0,0,2012
Yash,3000000.0,0,2012
MNE,69100.0,2900000,2012
Relbig.,2900000.0,0,2012
UTV,2800000.0,0,2012
CL,192000.0,2600000,2012
Osci.,2700000.0,0,2012
TFA,151000.0,2400000,2012
Magn.,2600000.0,0,2012
Eros,2500000.0,0,2012
IFC,1500000.0,1000000,2012
Magn.,2400000.0,0,2012
Yash,2300000.0,0,2012
GK,351000.0,1900000,2012
MNE,304000.0,1800000,2012
SPC,2000000.0,0,2012
IM,898000.0,1100000,2012
Eros,2000000.0,0,2012
FM,3500.0,2000000,2012
Eros,1900000.0,0,2012
Eros,1800000.0,0,2012
Myr.,0.0,1800000,2012
GK,11000.0,1700000,2012
IFC,138000.0,1500000,2012
Magn.,100000.0,1600000,2012
Magn.,633000.0,1000000,2012
IFC,1600000.0,0,2012
MBox,29900.0,1600000,2012
RTWC,21000.0,1600000,2012
RAtt.,38900.0,1500000,2012
EOne,1600000.0,0,2012
Magn.,146000.0,1400000,2012
Zeit.,317000.0,1200000,2012
SPC,254000.0,1200000,2012
Magn.,1400000.0,0,2012
MNE,693000.0,661000,2012
SD,1300000.0,0,2012
Strand,154000.0,1200000,2012
MNE,15400.0,1300000,2012
Cohen,1300000.0,0,2012
NGE,778000.0,482000,2012
Focus,1300000.0,0,2012
Magn.,1200000.0,0,2012
Eros,1200000.0,0,2012
CGld,152000.0,1000000,2012
UTV,1200000.0,0,2012
MBox,1100000.0,0,2012
Wein.,757000.0,315000,2012
Gold.,1000000.0,0,2012
IFC,1000000.0,0,2012
SPC,1000000.0,0,2012
MNE,973000.0,0,2012
KL,158000.0,754000,2012
Wein.,583000.0,285000,2012
KL,4600.0,803000,2012
SPC,794000.0,0,2012
Eros,781000.0,0,2012
Eros,772000.0,0,2012
Eros,698000.0,0,2012
Eros,670000.0,0,2012
WB,669000.0,0,2012
IM,641000.0,0,2012
FM,53800.0,564000,2012
IFC,591000.0,0,2012
Wein.,562000.0,0,2012
AF,155000.0,400000,2012
Eros,549000.0,0,2012
Focus,540000.0,0,2012
IFC,534000.0,0,2012
SPC,532000.0,0,2012
Wein.,279000.0,182000,2012
Eros,434000.0,0,2012
WHE,0.0,432000,2012
Magn.,400.0,426000,2012
FoxS,408000.0,0,2012
Eros,379000.0,0,2012
SPC,377000.0,0,2012
Magn.,5500.0,364000,2012
ATO,366000.0,0,2012
IFC,327000.0,0,2012
Magn.,319000.0,0,2012
CL,313000.0,0,2012
WHE,311000.0,0,2012
IM,288000.0,0,2012
CL,256000.0,0,2012
FoxS,253000.0,0,2012
MBox,246000.0,0,2012
KL,243000.0,0,2012
IFC,240000.0,0,2012
Zeit.,233000.0,0,2012
Eros,230000.0,0,2012
CL,220000.0,0,2012
SPC,215000.0,0,2012
Vari.,212000.0,0,2012
Abr.,211000.0,0,2012
Anch.,203000.0,0,2012
Strand,15100.0,186000,2012
Magn.,201000.0,0,2012
MBox,201000.0,0,2012
UTV,178000.0,0,2012
Magn.,177000.0,0,2012
RTWC,105000.0,70700,2012
IFC,29100.0,143000,2012
IM,170000.0,0,2012
UTV,169000.0,0,2012
BM&DH,166000.0,0,2012
Eros,156000.0,0,2012
Drft.,152000.0,0,2012
Eros,152000.0,0,2012
UTV,144000.0,0,2012
Anch.,139000.0,0,2012
WGUSA,136000.0,0,2012
IFC,130000.0,0,2012
IFC,127000.0,0,2012
Hann.,64900.0,61600,2012
NYer,126000.0,0,2012
Magn.,123000.0,0,2012
CL,118000.0,0,2012
ATO,114000.0,0,2012
KL,110000.0,0,2012
Osci.,107000.0,0,2012
Magn.,102000.0,0,2012
Strand,101000.0,0,2012
Osci.,101000.0,0,2012
UTV,101000.0,0,2012
Magn.,100000.0,0,2012
IFC,95000.0,0,2012
MBox,86600.0,0,2012
SEG,83600.0,0,2012
FRun,37700.0,41000,2012
Magn.,78400.0,0,2012
PalT,77000.0,0,2012
Gold.,76400.0,0,2012
Trib.,72700.0,0,2012
RF,0.0,70100,2012
Strand,24000.0,45900,2012
Magn.,66400.0,0,2012
CL,64400.0,0,2012
CL,59100.0,0,2012
CGld,56400.0,0,2012
Yash,52600.0,0,2012
WGUSA,50400.0,0,2012
CL,47900.0,0,2012
Strand,28300.0,16700,2012
CL,44800.0,0,2012
KL,38400.0,0,2012
Vari.,34000.0,0,2012
UTV,30900.0,0,2012
RAtt.,30700.0,0,2012
ICir,29300.0,0,2012
Strand,26700.0,0,2012
KL,25100.0,0,2012
Gold.,22800.0,0,2012
Strand,21300.0,0,2012
Anch.,21000.0,0,2012
Osci.,18900.0,0,2012
Imag.,18500.0,0,2012
Outs,18000.0,0,2012
IFC,17800.0,0,2012
MNE,17700.0,0,2012
Da.,16100.0,0,2012
KL,16100.0,0,2012
CGld,15900.0,0,2012
Mont.,15800.0,0,2012
Mont.,13600.0,0,2012
Strand,3500.0,9500,2012
Gold.,12400.0,0,2012
UTV,10100.0,0,2012
CL,10000.0,0,2012
FM,8900.0,0,2012
Strand,8400.0,0,2012
MNE,7900.0,0,2012
OutF,6000.0,0,2012
Magn.,5200.0,0,2012
BSM,5100.0,0,2012
Trib.,3400.0,0,2012
IFC,3000.0,0,2012
IFC,2700.0,0,2012
IFC,800.0,0,2012
Trib.,600.0,0,2012
BV,400700000.0,875700000,2013
BV,409000000.0,805800000,2013
Uni.,368100000.0,602700000,2013
WB (NL),258399999.0,700000000,2013
LGF,424700000.0,440300000,2013
Uni.,238700000.0,550000000,2013
BV,268500000.0,475700000,2013
WB,274100000.0,449100000,2013
WB,291000000.0,377000000,2013
BV,206400000.0,438200000,2013
Fox,187200000.0,400000000,2013
Par.,202400000.0,337600000,2013
BV,234900000.0,258399999,2013
Par.,228800000.0,238600000,2013
Fox,132600000.0,282300000,2013
WB,101800000.0,309200000,2013
Par.,116900000.0,275100000,2013
Par.,122500000.0,253200000,2013
WB,112200000.0,249800000,2013
WB,144800000.0,208800000,2013
LG/S,117700000.0,234000000,2013
Sony,71000000.0,276500000,2013
WB (NL),137400000.0,182100000,2013
Fox,67300000.0,237300000,2013
Uni.,89100000.0,197100000,2013
TriS,93100000.0,193100000,2013
Fox,83000000.0,199500000,2013
Sony,119800000.0,154500000,2013
WB (NL),150400000.0,119600000,2013
Fox,107500000.0,160900000,2013
BV,89300000.0,171200000,2013
Sony,150100000.0,101100000,2013
Sony,133699999.0,113300000,2013
Sony,60500000.0,183300000,2013
BV,90300000.0,149000000,2013
Fox,159600000.0,70300000,2013
Par.,55700000.0,170600000,2013
Sony,107100000.0,111700000,2013
Sony,73100000.0,132300000,2013
Fox,68600000.0,131300000,2013
WAMCR,57400.0,197700000,2013
WB (NL),65200000.0,132500000,2013
Fox,58200000.0,129900000,2013
FoxS,56700000.0,131100000,2013
Wein.,116600000.0,60000000,2013
Uni.,134500000.0,39500000,2013
Par.,125200000.0,46300000,2013
FD,98900000.0,71300000,2013
FD,83600000.0,78300000,2013
Uni.,125100000.0,29700000,2013
Par.,102000000.0,49800000,2013
Uni.,38400000.0,113400000,2013
LG/S,53300000.0,94800000,2013
Uni.,71600000.0,74800000,2013
LG/S,25100000.0,112200000,2013
CBS,63900000.0,70500000,2013
Uni.,75600000.0,56300000,2013
Fox,36100000.0,90500000,2013
Sony,101500000.0,24600000,2013
LG/S,61700000.0,63800000,2013
WB,61000000.0,61100000,2013
BV,83300000.0,34600000,2013
LG/S,66400000.0,50600000,2013
Uni.,45400000.0,71100000,2013
CL,376000.0,115800000,2013
Rela.,55800000.0,54600000,2013
WB,46000000.0,59200000,2013
Wein.,37700000.0,62400000,2013
LGF,44500000.0,54600000,2013
Uni.,42000000.0,56300000,2013
Rela.,71300000.0,26200000,2013
TriS,54200000.0,43300000,2013
SPC,33400000.0,64099999,2013
SGem,31200000.0,64200000,2013
Fox,44700000.0,48800000,2013
Uni.,26900000.0,63300000,2013
Uni.,64500000.0,24900000,2013
Yash,8000000.0,80000000,2013
Uni.,15300000.0,71800000,2013
Par.,49900000.0,36300000,2013
SGem,35300000.0,49500000,2013
Rela.,36900000.0,41500000,2013
W/Dim.,32000000.0,46400000,2013
Uni.,33600000.0,44700000,2013
CL,23500.0,77700000,2013
Fox,21500000.0,55100000,2013
Wein.,57000000.0,17600000,2013
Wein.,37700000.0,36500000,2013
Uni.,70500000.0,2300000,2013
WAMCR,87800.0,72200000,2013
Fox,17000000.0,54000000,2013
TriS,51900000.0,16700000,2013
TriS,28900000.0,39700000,2013
Wein.,6600000.0,57500000,2013
ORF,32200000.0,31200000,2013
ORF,26600000.0,36700000,2013
Fox,19300000.0,43400000,2013
GK,1000000.0,60000000,2013
Uni.,28800000.0,32000000,2013
ORF,40000000.0,20100000,2013
WB,19500000.0,40600000,2013
Wein.,18400000.0,41100000,2013
Focus,27300000.0,27900000,2013
PM&E,516000.0,54100000,2013
LGF,52500000.0,853000,2013
LGF,52000000.0,1200000,2013
BV,30700000.0,19300000,2013
CJ,665000.0,48300000,2013
LGF,12100000.0,36300000,2013
Rela.,25700000.0,22400000,2013
WB,25600000.0,21800000,2013
CL,43800.0,47200000,2013
LGF,34300000.0,12900000,2013
LGF,21800000.0,24700000,2013
FD,17600000.0,28600000,2013
Focus,26000000.0,20100000,2013
WB,29800000.0,15100000,2013
ORF,20200000.0,22900000,2013
LG/S,42900000.0,0,2013
ORF,16100000.0,19800000,2013
Focus,21400000.0,14100000,2013
CBS,13200000.0,19700000,2013
RAtt.,21600000.0,11000000,2013
Rela.,8800000.0,23600000,2013
LG/S,32200000.0,74000,2013
A24,14100000.0,17600000,2013
WGUSA,458000.0,31200000,2013
Rela.,24500000.0,6000000,2013
Magn.,34700.0,28200000,2013
Par.,17700000.0,10000000,2013
WB (NL),22500000.0,4900000,2013
Wein.,8300000.0,19000000,2013
MNE,1000.0,27200000,2013
W/Dim.,17400000.0,9000000,2013
FoxS,17600000.0,7700000,2013
FoxS,2300000.0,21900000,2013
FoxS,21500000.0,1700000,2013
Wein.,1500000.0,21300000,2013
FoxS,21600000.0,887000,2013
EOne,335000.0,21400000,2013
Jan.,2900000.0,18500000,2013
Cdgm.,0.0,21300000,2013
Wein.,2500000.0,18000000,2013
Fox,19700000.0,0,2013
SPC,5100000.0,14500000,2013
A24,5800000.0,13300000,2013
LGF,18500000.0,0,2013
FD,10900000.0,7200000,2013
Focus,18000000.0,0,2013
Wein.,16100000.0,1300000,2013
SGem,8900000.0,7700000,2013
Rela.,11300000.0,4300000,2013
Distrib.,900.0,15200000,2013
CBS,15200000.0,0,2013
ORF,8000000.0,7000000,2013
Imax,7600000.0,6500000,2013
Rela.,7400000.0,6400000,2013
RAtt.,6300000.0,7400000,2013
Elev.,376000.0,12600000,2013
FoxS,1700000.0,10400000,2013
Cohen,390000.0,11500000,2013
SPC,1400000.0,10400000,2013
Wein.,218000.0,11200000,2013
SPC,8100000.0,3100000,2013
RTWC,779000.0,9900000,2013
SPC,1300000.0,9300000,2013
SPC,1600000.0,8400000,2013
WB,9500000.0,0,2013
LGF,9200000.0,130000,2013
NGE,8000000.0,1300000,2013
BV,3300000.0,5300000,2013
MNE,105000.0,8000000,2013
PH,3400000.0,4600000,2013
LGF,5800000.0,2000000,2013
FoxS,7000000.0,436000,2013
IFC,2200000.0,5200000,2013
Wein.,1700000.0,5300000,2013
IFC,347000.0,6700000,2013
A24,6900000.0,0,2013
EOne,26700.0,6300000,2013
ORF,6200000.0,0,2013
FIP,0.0,6000000,2013
Focus,5800000.0,0,2013
Wein.,179000.0,5300000,2013
Trib.,175000.0,5300000,2013
CJ,134000.0,5300000,2013
UTV,5300000.0,0,2013
RTWC,4900000.0,0,2013
FD,2200000.0,2700000,2013
WGUSA,76500.0,4500000,2013
Strand,8900.0,4400000,2013
RAtt.,4300000.0,0,2013
IFC,4099999.0,0,2013
Cohen,285000.0,3600000,2013
Eros,3800000.0,0,2013
Drft.,22100.0,3600000,2013
Da.,17700.0,3600000,2013
CBS,3500000.0,74600,2013
Magn.,3600.0,3500000,2013
RAtt.,3300000.0,0,2013
LGF,3300000.0,0,2013
RAtt.,3000000.0,0,2013
Eros,2700000.0,0,2013
Cohen,102000.0,2400000,2013
FoxS,2300000.0,99700,2013
HTR,2400000.0,0,2013
SPC,2300000.0,0,2013
Gold.,2300000.0,0,2013
ELS,2300000.0,0,2013
Osci.,72600.0,2200000,2013
Eros,2200000.0,0,2013
SPC,2200000.0,0,2013
Magn.,18800.0,2100000,2013
PI,0.0,2100000,2013
MNE,2000000.0,0,2013
RTWC,0.0,1900000,2013
SPC,1800000.0,0,2013
E1,340000.0,1300000,2013
Relbig.,1600000.0,0,2013
MPI,102000.0,1500000,2013
RAtt.,1600000.0,0,2013
RTWC,357000.0,1200000,2013
UTV,1600000.0,0,2013
LD,1400000.0,0,2013
RAtt.,1400000.0,0,2013
SPC,1300000.0,0,2013
CBS,1300000.0,0,2013
SPC,1200000.0,0,2013
KL,21500.0,1200000,2013
Rela.,1200000.0,0,2013
Gold.,1200000.0,0,2013
MBox,38700.0,1100000,2013
UTV,1100000.0,0,2013
MNE,1100000.0,0,2013
RAtt.,1100000.0,0,2013
IFC,397000.0,635000,2013
SPC,1000000.0,0,2013
Cdgm.,1000000.0,0,2013
A24,1000000.0,0,2013
MBox,970000.0,0,2013
Eros,903000.0,0,2013
RTWC,0.0,852000,2013
TVC,850000.0,0,2013
ATO,13500.0,794000,2013
UTV,739000.0,0,2013
Zeit.,717000.0,0,2013
Relbig.,680000.0,0,2013
Wein.,584000.0,67000,2013
Magn.,613000.0,0,2013
FEF,613000.0,0,2013
Magn.,588000.0,0,2013
Eros,582000.0,0,2013
CGld,561000.0,0,2013
IFC,553000.0,0,2013
KL,18900.0,488000,2013
LGF,495000.0,0,2013
Drft.,487000.0,0,2013
Vari.,423000.0,0,2013
Magn.,101000.0,319000,2013
Magn.,414000.0,0,2013
Eros,414000.0,0,2013
Eros,411000.0,0,2013
SPC,383000.0,0,2013
WGUSA,35100.0,347000,2013
SPC,381000.0,0,2013
Eros,370000.0,0,2013
Relbig.,342000.0,0,2013
EXCL,319000.0,0,2013
FM,5900.0,306000,2013
Eros,298000.0,0,2013
Cohen,280000.0,0,2013
UTV,271000.0,0,2013
MSF,259000.0,0,2013
MBox,100000.0,132000,2013
Eros,226000.0,0,2013
UTV,222000.0,0,2013
Cdgm.,208000.0,0,2013
UTV,203000.0,0,2013
P/108,190000.0,0,2013
Eros,167000.0,0,2013
FCW,166000.0,0,2013
SPC,149000.0,0,2013
Eros,148000.0,0,2013
Vari.,128000.0,0,2013
IFC,125000.0,0,2013
XL,117000.0,0,2013
Strand,117000.0,0,2013
TFA,112000.0,0,2013
Eros,112000.0,0,2013
Cdgm.,105000.0,0,2013
RTWC,100000.0,0,2013
EOne,92200.0,0,2013
IFC,89200.0,0,2013
WGUSA,85800.0,0,2013
EOne,81400.0,0,2013
MNE,81100.0,0,2013
KL,79800.0,0,2013
AF,76900.0,0,2013
CGld,76200.0,0,2013
Anch.,74900.0,0,2013
Trib.,70500.0,0,2013
Zeit.,68000.0,0,2013
CL,64400.0,0,2013
Distrib.,62700.0,0,2013
IFC,61800.0,0,2013
IFC,56800.0,0,2013
Eros,46700.0,0,2013
EOne,46300.0,0,2013
A24,45400.0,0,2013
P/108,42200.0,0,2013
MNE,39900.0,0,2013
Strand,39200.0,0,2013
FRun,38600.0,0,2013
IFC,38500.0,0,2013
WGUSA,37900.0,0,2013
RAtt.,36900.0,0,2013
KL,35300.0,0,2013
IFC,24500.0,0,2013
Strand,24300.0,0,2013
Distrib.,23200.0,0,2013
Magn.,21800.0,0,2013
IFC,21300.0,0,2013
GK,21000.0,0,2013
Cohen,20000.0,0,2013
IFC,19700.0,0,2013
KL,18800.0,0,2013
SD,18200.0,0,2013
Cdgm.,17200.0,0,2013
Anch.,14800.0,0,2013
CJ,14400.0,0,2013
A23,13200.0,0,2013
IFC,12200.0,0,2013
MNE,11700.0,0,2013
Cohen,11400.0,0,2013
CL,11200.0,0,2013
FM,9900.0,0,2013
EOne,9800.0,0,2013
IFC,9700.0,0,2013
IFC,9000.0,0,2013
IFC,8100.0,0,2013
CL,6900.0,0,2013
Strand,6700.0,0,2013
Strand,6500.0,0,2013
WGUSA,5300.0,0,2013
Rialto,3500.0,0,2013
Trib.,2700.0,0,2013
Vita.,1100.0,0,2013
Anch.,800.0,0,2013
Magn.,700.0,0,2013
Magn.,100.0,0,2013
Par.,245400000.0,858600000,2014
WB (NL),255100000.0,700900000,2014
BV,333200000.0,440200000,2014
BV,241400000.0,517100000,2014
LGF,337100000.0,418200000,2014
Fox,233900000.0,513900000,2014
BV,259800000.0,454500000,2014
Fox,208500000.0,502100000,2014
Sony,202900000.0,506100000,2014
Par.,188000000.0,489400000,2014
BV,222500000.0,435300000,2014
Fox,177000000.0,444500000,2014
WB,350100000.0,197300000,2014
WB,200700000.0,328400000,2014
Fox,131500000.0,368600000,2014
Par.,191200000.0,302100000,2014
WB,257800000.0,211400000,2014
Uni.,126700000.0,336700000,2014
Fox,83400000.0,289700000,2014
WB,100200000.0,270300000,2014
Fox,167800000.0,201600000,2014
Fox,113700000.0,249500000,2014
Par.,101200000.0,261399999,2014
Fox,102400000.0,245900000,2014
WB,106600000.0,231000000,2014
Sony,191700000.0,139600000,2014
Fox,124900000.0,182300000,2014
LG/S,150900000.0,137900000,2014
Fox,111500000.0,164200000,2014
Uni.,150200000.0,120500000,2014
Fox,65000000.0,203200000,2014
WB (NL),84300000.0,172800000,2014
Par.,72700000.0,172100000,2014
Sony,58600000.0,184100000,2014
Wein.,91100000.0,142400000,2014
Uni.,92200000.0,130600000,2014
Uni.,56300000.0,160800000,2014
LGF,39300000.0,175300000,2014
BV,128000000.0,85100000,2014
Sony,85800000.0,126000000,2014
Magn.,18100.0,205600000,2014
BV,43600000.0,159700000,2014
Fox,83900000.0,112800000,2014
Sony,101500000.0,90800000,2014
CL,778000.0,188200000,2014
FoxS,59300000.0,115500000,2014
Uni.,86200000.0,83600000,2014
Uni.,115600000.0,47800000,2014
WB (NL),47600000.0,114100000,2014
Sony,78000000.0,77000000,2014
Uni.,134900000.0,19500000,2014
BV,59200000.0,92200000,2014
Fox,82400000.0,55800000,2014
Par.,50600000.0,84900000,2014
Sony,85900000.0,47900000,2014
WB,46300000.0,81700000,2014
Sony,38500000.0,87500000,2014
Focus,35900000.0,87800000,2014
ORF,64300000.0,56600000,2014
BV,5200000.0,112700000,2014
TriS,23200000.0,94600000,2014
CJ,2600000.0,109600000,2014
Uni.,72000000.0,40000000,2014
Focus,50800000.0,58400000,2014
WB,54400000.0,53200000,2014
Uni.,50900000.0,52700000,2014
FoxS,42300000.0,60900000,2014
WB,23000000.0,80000000,2014
BV,67000000.0,34400000,2014
TriS,91400000.0,9900000,2014
WB (NL),84500000.0,16000000,2014
UTV,10600000.0,89800000,2014
Fox,50200000.0,49600000,2014
Par.,32500000.0,58400000,2014
BV,54200000.0,34600000,2014
LG/S,43000000.0,45700000,2014
SGem,30600000.0,57400000,2014
Uni.,43100000.0,44100000,2014
RTWC,4600000.0,82200000,2014
LG/S,14900000.0,71300000,2014
WB,47100000.0,37300000,2014
BV,51200000.0,29200000,2014
WB (NL),50500000.0,28400000,2014
LGF,19100000.0,52100000,2014
WGUSA,557000.0,70000000,2014
SGem,65200000.0,5000000,2014
Rela.,20400000.0,48500000,2014
Sony,1000000.0,67099999,2014
Fox,59700000.0,8100000,2014
WB,47000000.0,20600000,2014
Wein.,45100000.0,21900000,2014
Par.,52100000.0,14700000,2014
Free,60800000.0,3900000,2014
Shout!,4100.0,64200000,2014
Wein.,16200000.0,47300000,2014
LG/S,18800000.0,42400000,2014
Elev.,175000.0,60300000,2014
WB,42000000.0,15800000,2014
Wein.,44100000.0,10700000,2014
SGem,52500000.0,1800000,2014
Uni.,26300000.0,26900000,2014
Rela.,30700000.0,21900000,2014
FoxS,37900000.0,14600000,2014
SPC,10500000.0,40500000,2014
SV,2600000.0,47800000,2014
SGem,48600000.0,365000,2014
SPC,13100000.0,35900000,2014
ORF,31400000.0,14500000,2014
Rela.,38900000.0,6400000,2014
IFC,25400000.0,19100000,2014
Rela.,27700000.0,16300000,2014
FIP,2500000.0,39500000,2014
Uni.,21300000.0,20600000,2014
WB,34300000.0,7000000,2014
Focus,26100000.0,14400000,2014
W/Dim.,13800000.0,25600000,2014
Par.,33700000.0,5600000,2014
BV,36500000.0,2800000,2014
ORF,32400000.0,6300000,2014
Fox,15800000.0,21100000,2014
RAtt.,17200000.0,19000000,2014
Rela.,26800000.0,9200000,2014
Uni.,23400000.0,11300000,2014
Uni.,30700000.0,2700000,2014
Rela.,25000000.0,7500000,2014
WGUSA,416000.0,32100000,2014
WB,12600000.0,18500000,2014
TriS,30100000.0,0,2014
LG/S,28800000.0,620000,2014
Wein.,14500000.0,14800000,2014
CJ,137000.0,27800000,2014
Par.,25300000.0,800000,2014
WGUSA,7700.0,26000000,2014
CE,15200000.0,10200000,2014
Wein.,9600.0,25100000,2014
Wein.,10900.0,24600000,2014
GK,703000.0,23500000,2014
ORF,17300000.0,6600000,2014
Wein.,4400000.0,17900000,2014
SPC,4000000.0,18200000,2014
WGUSA,219000.0,21400000,2014
BV,17800000.0,3500000,2014
Wein.,724000.0,20300000,2014
Par.,13400000.0,6900000,2014
IFC,335000.0,19600000,2014
Free,14000000.0,5700000,2014
CE,8500000.0,10200000,2014
FoxS,10700000.0,7900000,2014
LGF,8500000.0,9300000,2014
ORF,10500000.0,7000000,2014
LGF,17400000.0,0,2014
Elev.,43200.0,17300000,2014
FoxS,3600000.0,13300000,2014
Fox,2800000.0,14100000,2014
LGF,16000000.0,364000,2014
Magn.,3900.0,16200000,2014
CE,3200000.0,12200000,2014
Wein.,7800000.0,7600000,2014
WB,8100000.0,6600000,2014
WB,11300000.0,2800000,2014
Magn.,507000.0,13000000,2014
MNE,3800000.0,9600000,2014
SPC,12100000.0,0,2014
A24,5700000.0,6300000,2014
Sony,6100000.0,5200000,2014
Wein.,101000.0,10800000,2014
Strand,59900.0,10700000,2014
FoxS,10700000.0,0,2014
Strand,59500.0,10500000,2014
TriS,10400000.0,0,2014
IFC,964000.0,9300000,2014
Magn.,786000.0,9500000,2014
VPD,8200.0,10100000,2014
Drft.,303000.0,9500000,2014
Magn.,153000.0,9600000,2014
IFC,374000.0,8000000,2014
Magn.,34400.0,8300000,2014
CBS,3500000.0,4400000,2014
FIP,616000.0,7100000,2014
CBS,1400000.0,6100000,2014
Cohen,339000.0,7100000,2014
Magn.,13300.0,7200000,2014
LGF,0.0,7000000,2014
IFC,1400000.0,5400000,2014
GK,71700.0,6700000,2014
LGF,6400000.0,0,2014
Cohen,343000.0,5900000,2014
LGF,870000.0,5200000,2014
IFC,3000.0,6000000,2014
IFC,2900000.0,3000000,2014
Wein.,2000000.0,3800000,2014
Focus,3600000.0,1900000,2014
A24,2600000.0,2800000,2014
RAtt.,5300000.0,0,2014
IFC,12000.0,5100000,2014
GK,262000.0,4800000,2014
Wein.,510000.0,4400000,2014
KE,267000.0,4500000,2014
RAtt.,4400000.0,0,2014
SPC,4200000.0,0,2014
Cohen,4000000.0,0,2014
Zeit.,231000.0,3700000,2014
RTWC,174000.0,3700000,2014
MBox,3800000.0,0,2014
RTWC,0.0,3800000,2014
Magn.,1400.0,3700000,2014
WB,3300000.0,195000,2014
RAtt.,3500000.0,0,2014
Shout!,0.0,3400000,2014
EOne,3400000.0,0,2014
A24,1000000.0,2400000,2014
RAtt.,2200000.0,1200000,2014
Magn.,2500.0,3300000,2014
A24,1100000.0,2100000,2014
Strand,8500.0,3200000,2014
ORF,3100000.0,0,2014
A24,3100000.0,0,2014
Gold.,418000.0,2600000,2014
RTWC,2800000.0,202000,2014
MBox,150000.0,2600000,2014
WB,2700000.0,0,2014
SPC,2600000.0,0,2014
Outs,11600.0,2600000,2014
MBox,307000.0,2200000,2014
UTV,2500000.0,0,2014
Focus,2500000.0,0,2014
Saban,2400000.0,0,2014
RAtt.,42500.0,2400000,2014
PH,333000.0,2000000,2014
KL,11600.0,2300000,2014
CJ,2300000.0,0,2014
SPC,2300000.0,0,2014
KL,9800.0,2200000,2014
Par.,706000.0,1500000,2014
UTV,2200000.0,0,2014
Magn.,327000.0,1900000,2014
MBox,2200000.0,0,2014
RAtt.,2100000.0,0,2014
Drft.,280000.0,1800000,2014
SPC,1900000.0,0,2014
A24,1800000.0,0,2014
CF&SR,1500000.0,0,2014
RTWC,1500000.0,0,2014
IFC,1500000.0,0,2014
HTR,125000.0,1300000,2014
Trib.,21800.0,1400000,2014
A24,1400000.0,0,2014
Magn.,1400000.0,0,2014
Shout!,1500.0,1300000,2014
Distrib.,75500.0,1200000,2014
Eros,1300000.0,0,2014
FM,32299.0,1200000,2014
Eros,1200000.0,0,2014
Drft.,28500.0,1200000,2014
Triu,1200000.0,0,2014
Strand,101000.0,1100000,2014
FM,56800.0,1100000,2014
Rela.,1100000.0,0,2014
SPC,1100000.0,0,2014
A24,1100000.0,0,2014
DR,800.0,1100000,2014
Crnth,0.0,1100000,2014
UTV,1000000.0,0,2014
SPC,1000000.0,0,2014
Drft.,57500.0,952000,2014
Wein.,588000.0,397000,2014
Eros,921000.0,0,2014
GK,858000.0,0,2014
Eros,817000.0,0,2014
MBox,3300.0,797000,2014
Ampl.,258000.0,513000,2014
Trib.,768000.0,0,2014
Eros,731000.0,0,2014
UTV,711000.0,0,2014
Relbig.,707000.0,0,2014
Relbig.,646000.0,0,2014
Magn.,645000.0,0,2014
Eros,621000.0,0,2014
Focus,601000.0,0,2014
CL,569000.0,0,2014
UTV,529000.0,0,2014
FoxS,524000.0,0,2014
RTWC,513000.0,0,2014
KL,7800.0,492000,2014
KL,492000.0,0,2014
Drft.,138000.0,318000,2014
RAtt.,444000.0,0,2014
CP,128000.0,306000,2014
CL,431000.0,0,2014
CL,428000.0,0,2014
KL,390000.0,0,2014
Relbig.,380000.0,0,2014
CL,375000.0,0,2014
RAtt.,373000.0,0,2014
AF,356000.0,0,2014
IFC,350000.0,0,2014
XL,341000.0,0,2014
FoxS,336000.0,0,2014
MBox,62500.0,265000,2014
Cohen,317000.0,0,2014
Eros,314000.0,0,2014
Proud,310000.0,0,2014
BGP,38100.0,267000,2014
Abk.,294000.0,0,2014
MNE,286000.0,0,2014
Eros,275000.0,0,2014
Cdgm.,272000.0,0,2014
CL,272000.0,0,2014
RAtt.,265000.0,0,2014
MBox,258000.0,0,2014
Eros,257000.0,0,2014
IFC,255000.0,0,2014
CJ,252000.0,0,2014
DLA,236000.0,0,2014
EOne,5500.0,222000,2014
CL,209000.0,0,2014
AF,202000.0,0,2014
Magn.,200000.0,0,2014
Trib.,200000.0,0,2014
Magn.,181000.0,0,2014
CL,172000.0,0,2014
IFC,170000.0,0,2014
KL,4500.0,154000,2014
WB,139000.0,0,2014
Cohen,22000.0,112000,2014
FM,134000.0,0,2014
Zeit.,116000.0,0,2014
Magn.,3500.0,99700,2014
CL,103000.0,0,2014
Ampl.,103000.0,0,2014
IFC,100000.0,0,2014
Zeit.,97200.0,0,2014
EOne,92400.0,0,2014
Mont.,91400.0,0,2014
Cohen,89700.0,0,2014
A24,88300.0,0,2014
B360,87900.0,0,2014
Gold.,75100.0,0,2014
SPC,67400.0,0,2014
SPC,66600.0,0,2014
UTV,63600.0,0,2014
CJ,63100.0,0,2014
IFC,61100.0,0,2014
Zeit.,60500.0,0,2014
FCW,59200.0,0,2014
KL,58700.0,0,2014
Gold.,58300.0,0,2014
KL,56800.0,0,2014
BWP,56100.0,0,2014
Trib.,54900.0,0,2014
Mont.,54500.0,0,2014
IFC,54000.0,0,2014
FM,53900.0,0,2014
Strand,52200.0,0,2014
EOne,48400.0,0,2014
Rialto,47700.0,0,2014
SEA,45400.0,0,2014
Crnth,11300.0,27000,2014
Magn.,33800.0,0,2014
Magn.,32200.0,0,2014
IFC,32100.0,0,2014
Vari.,28100.0,0,2014
Strand,27100.0,0,2014
IFC,25400.0,0,2014
BWP,23300.0,0,2014
KL,21300.0,0,2014
RME,19500.0,0,2014
Magn.,18700.0,0,2014
EOne,18600.0,0,2014
KL,16700.0,0,2014
KL,14800.0,0,2014
RTWC,13800.0,0,2014
IFC,13300.0,0,2014
WGUSA,12700.0,0,2014
KE,12100.0,0,2014
Free,11800.0,0,2014
EOne,11500.0,0,2014
Strand,11300.0,0,2014
CGld,10400.0,0,2014
Mont.,8500.0,0,2014
FCW,8400.0,0,2014
Strand,8200.0,0,2014
WGUSA,7900.0,0,2014
CLS,7400.0,0,2014
0,7100.0,0,2014
WGUSA,6900.0,0,2014
Magn.,6900.0,0,2014
MNE,6500.0,0,2014
KS,5900.0,0,2014
FM,5800.0,0,2014
RAtt.,5700.0,0,2014
VE,4300.0,0,2014
Cdgm.,1800.0,0,2014
Free,1700.0,0,2014
BV,936700000.0,"1,131.6",2015
Uni.,652300000.0,"1,019.4",2015
Uni.,353000000.0,"1,163.0",2015
BV,459000000.0,946400000,2015
Uni.,336000000.0,823400000,2015
Sony,200100000.0,680600000,2015
BV,356500000.0,501100000,2015
Par.,195000000.0,487700000,2015
LGF,281700000.0,371700000,2015
Fox,228400000.0,401700000,2015
Uni.,166200000.0,404800000,2015
BV,201200000.0,342400000,2015
Fox,183600000.0,349300000,2015
BV,180200000.0,339100000,2015
Sony,169700000.0,305100000,2015
WB (NL),155200000.0,318800000,2015
Par.,89800000.0,350800000,2015
Fox,128300000.0,286100000,2015
Fox,177400000.0,208600000,2015
WB,153600000.0,224800000,2015
BV,123100000.0,209100000,2015
Fox,89300000.0,237200000,2015
Par.,163000000.0,162200000,2015
Fox,81700000.0,230600000,2015
LG/S,130199999.0,167100000,2015
Uni.,184300000.0,103200000,2015
W/Dim.,76300000.0,191800000,2015
WGUSA,1200000.0,258100000,2015
WGUSA,1300000.0,255000000,2015
Fox,130199999.0,116100000,2015
Sony,78700000.0,166100000,2015
Par.,150400000.0,92400000,2015
Fox,110800000.0,124800000,2015
Fox,85900000.0,148900000,2015
CL,1300000.0,226800000,2015
Uni.,81500000.0,135200000,2015
BV,93400000.0,115700000,2015
Uni.,43500000.0,159900000,2015
Uni.,161200000.0,40400000,2015
WB,75800000.0,118800000,2015
WB,47400000.0,136600000,2015
WB (NL),109800000.0,63800000,2015
Fox,56100000.0,111900000,2015
BV,72300000.0,93200000,2015
WB,53900000.0,105200000,2015
Wein.,54100000.0,101600000,2015
Sony,80100000.0,70100000,2015
LG/S,27400000.0,119600000,2015
WGUSA,229000.0,141400000,2015
Uni.,110200000.0,30600000,2015
CL,1400000.0,137800000,2015
WB,28800000.0,104900000,2015
Par.,70300000.0,63200000,2015
WB,35100000.0,93300000,2015
Sony,211000.0,125600000,2015
WB,66000000.0,56500000,2015
LGP,74100.0,121500000,2015
Uni.,17200000.0,97000000,2015
Focus,52200000.0,60800000,2015
WB,90400000.0,21400000,2015
WB,45400000.0,64400000,2015
Sony,71000000.0,36600000,2015
LGF,19400000.0,86800000,2015
Uni.,87000000.0,18000000,2015
WB (NL),58900000.0,46000000,2015
Sony,31600000.0,70500000,2015
Fox,56500000.0,44700000,2015
WB,62600000.0,37200000,2015
CL,131000.0,98500000,2015
Uni.,65200000.0,33200000,2015
ORF,45100000.0,53200000,2015
Fox,47400000.0,48000000,2015
WB,25000000.0,68900000,2015
Wein.,52400000.0,39500000,2015
FoxS,33100000.0,52900000,2015
Fox,32000000.0,53500000,2015
LGF,46900000.0,38000000,2015
Fox,22500000.0,59900000,2015
SGem,64500000.0,15300000,2015
Par.,18300000.0,60600000,2015
Uni.,31100000.0,43600000,2015
EC,16000000.0,56600000,2015
WB,26500000.0,45200000,2015
TriS,67800000.0,0,2015
LGF,42600000.0,23000000,2015
Focus,11100000.0,53100000,2015
Uni.,32500000.0,31600000,2015
Fox,37400000.0,25500000,2015
FoxS,38300000.0,23800000,2015
FUN,8000000.0,53800000,2015
Wein.,33299999.0,28300000,2015
Uni.,42700000.0,18800000,2015
TriS,10100000.0,51000000,2015
SGem,57000000.0,3200000,2015
STX,43800000.0,15200000,2015
Wein.,27300000.0,27100000,2015
Focus,27700000.0,25100000,2015
FIP,4400000.0,48200000,2015
Uni.,35400000.0,17000000,2015
Sony,43000000.0,9300000,2015
WB (NL),34600000.0,17100000,2015
MBox,944000.0,50200000,2015
CJ,697000.0,49800000,2015
AR,0.0,49600000,2015
WB,32400000.0,16900000,2015
Rela.,26500000.0,22400000,2015
Sony,34500000.0,14100000,2015
LGF,7700000.0,39600000,2015
SPC,378000.0,46400000,2015
BV,44500000.0,1200000,2015
WB,42700000.0,1300000,2015
SPC,18800000.0,25100000,2015
LGF,34000000.0,9500000,2015
Uni.,1900000.0,41100000,2015
WB (NL),22800000.0,20200000,2015
LGF,26300000.0,16100000,2015
SPC,10000000.0,31400000,2015
TriS,26800000.0,14500000,2015
Wein.,12700000.0,27600000,2015
Rela.,25800000.0,12600000,2015
WB,4200000.0,34000000,2015
BG,29500000.0,8000000,2015
A24,25400000.0,11400000,2015
Wein.,13700000.0,23000000,2015
A24,14700000.0,20700000,2015
STX,20200000.0,14700000,2015
Uni.,17800000.0,16700000,2015
Fox,5800000.0,28500000,2015
Par.,22300000.0,10900000,2015
Focus,12300000.0,18200000,2015
FoxS,12200000.0,18000000,2015
RAtt.,17700000.0,11600000,2015
RAtt.,12600000.0,16100000,2015
SPC,4000000.0,23400000,2015
LGF,14400000.0,12700000,2015
SPC,3100000.0,23900000,2015
Sony,21100000.0,5200000,2015
TFA,20400.0,25600000,2015
WB,12200000.0,12700000,2015
Par.,6700.0,24600000,2015
ORF,10700000.0,13500000,2015
CL,287000.0,21500000,2015
Rela.,21600000.0,0,2015
Uni.,8000000.0,11600000,2015
ORF,17500000.0,480000,2015
FIP,614000.0,17200000,2015
A24,7600000.0,9700000,2015
BV,16399999.0,711000,2015
Wein.,1100000.0,15200000,2015
Par.,3700000.0,12400000,2015
Focus,4700000.0,11300000,2015
RTWC,14700000.0,0,2015
Fox,10200000.0,4200000,2015
PFR,13000000.0,1400000,2015
PFR,14400000.0,0,2015
BV,12400000.0,1200000,2015
Par.,12300000.0,767000,2015
LG/S,1200000.0,11700000,2015
WB,3600000.0,7500000,2015
BST,5600000.0,5200000,2015
WGUSA,130000.0,10000000,2015
FCW,558000.0,9500000,2015
ORF,6000000.0,4099999,2015
Wein.,174000.0,9300000,2015
Wein.,46400.0,9200000,2015
LGF,9100000.0,0,2015
FoxS,6800000.0,2300000,2015
A24,8400000.0,0,2015
FIP,522000.0,7800000,2015
BST,7900000.0,378000,2015
Eros,8199999.0,0,2015
BST,7400000.0,0,2015
BH Tilt,7200000.0,0,2015
SPC,7000000.0,107000,2015
WB,7000000.0,0,2015
BSC,6700000.0,0,2015
Eros,6600000.0,0,2015
ORF,6500000.0,0,2015
U/P,3500000.0,2800000,2015
Par.,3800000.0,1900000,2015
BST,2400000.0,3100000,2015
Magn.,176000.0,4900000,2015
FIP,45000.0,5000000,2015
UTV,4900000.0,0,2015
UHE,1700000.0,3200000,2015
FCW,17500.0,4800000,2015
FoxS,4700000.0,0,2015
FIP,154000.0,4500000,2015
FIP,235000.0,4200000,2015
IFC,4200000.0,0,2015
RTWC,196000.0,3600000,2015
LGF,3600000.0,0,2015
BG,3400000.0,0,2015
Uni.,538000.0,2800000,2015
IFC,819000.0,2400000,2015
IFC,3200000.0,0,2015
SPC,561000.0,2600000,2015
Eros,3100000.0,0,2015
LGF,3100000.0,0,2015
EOne,547000.0,2500000,2015
Eros,3000000.0,0,2015
ORF,3000000.0,0,2015
A24,3000000.0,0,2015
Par.,2600000.0,218000,2015
FoxS,2700000.0,97100,2015
FoxS,2700000.0,0,2015
RAtt.,2700000.0,0,2015
SPC,2500000.0,0,2015
FoxS,2500000.0,0,2015
Uni.,2200000.0,149000,2015
MBox,54000.0,2200000,2015
IFC,7700.0,2100000,2015
UTV,2100000.0,0,2015
CLF,2000000.0,0,2015
WGUSA,1900000.0,0,2015
IFC,1900000.0,0,2015
SPC,1800000.0,0,2015
Yash,1800000.0,0,2015
LGF,1800000.0,0,2015
FR,410000.0,1200000,2015
RAtt.,1300000.0,355000,2015
SPC,1500000.0,0,2015
AaF,1400000.0,0,2015
SPC,1400000.0,0,2015
BG,1400000.0,0,2015
Eros,1400000.0,0,2015
SPC,1300000.0,0,2015
FCW,351000.0,988000,2015
Magn.,1300000.0,0,2015
CJ,1200000.0,0,2015
RTWC,1200000.0,0,2015
Focus,1200000.0,0,2015
RAtt.,1200000.0,0,2015
Orch.,704000.0,422000,2015
Cohen,1100000.0,0,2015
Orch.,1000000.0,0,2015
FCW,1000000.0,0,2015
PH,1000000.0,0,2015
MBox,988000.0,0,2015
Elev.,920000.0,0,2015
Eros,919000.0,0,2015
UTV,892000.0,0,2015
Cohen,845000.0,0,2015
SPC,794000.0,0,2015
IFC,673000.0,102000,2015
IFC,744000.0,0,2015
Magn.,702000.0,0,2015
SPC,695000.0,0,2015
IFC,661000.0,0,2015
WGUSA,633000.0,0,2015
Ampl.,623000.0,0,2015
Alc,609000.0,0,2015
PBS,517000.0,67200,2015
Yash,579000.0,0,2015
LGF,573000.0,0,2015
GK,561000.0,0,2015
Eros,535000.0,0,2015
Elev.,524000.0,0,2015
SD,498000.0,0,2015
UTV,490000.0,0,2015
CL,482000.0,0,2015
CL,463000.0,0,2015
FIP,451000.0,0,2015
FUN,450000.0,0,2015
Rialto,449000.0,0,2015
SPC,429000.0,0,2015
SHO,426000.0,0,2015
Abr.,421000.0,0,2015
CL,418000.0,0,2015
Grav.,410000.0,0,2015
Osci.,377000.0,0,2015
Gathr,370000.0,0,2015
UTV,365000.0,0,2015
GK,355000.0,0,2015
AF,353000.0,0,2015
Asp.,347000.0,0,2015
WGUSA,338000.0,0,2015
Eros,325000.0,0,2015
KL,322000.0,0,2015
IFC,316000.0,0,2015
CL,311000.0,0,2015
FUN,306000.0,0,2015
FM,283000.0,0,2015
Magn.,282000.0,0,2015
Strand,282000.0,0,2015
Cohen,278000.0,0,2015
Cohen,260000.0,0,2015
Alc,249000.0,0,2015
Eros,236000.0,0,2015
CJ,235000.0,0,2015
A24,229000.0,0,2015
ADC,228000.0,0,2015
Magn.,223000.0,0,2015
Rel.,223000.0,0,2015
CL,213000.0,0,2015
A24,209000.0,0,2015
Abr.,206000.0,0,2015
MBox,192000.0,0,2015
Drft.,191000.0,0,2015
CL,189000.0,0,2015
RAtt.,188000.0,0,2015
RAtt.,187000.0,0,2015
CJ,185000.0,0,2015
Gold.,173000.0,0,2015
Gold.,172000.0,0,2015
IFC,167000.0,0,2015
WGUSA,165000.0,0,2015
CJ,164000.0,0,2015
CL,163000.0,0,2015
IFC,163000.0,0,2015
Free,162000.0,0,2015
FM,159000.0,0,2015
Magn.,156000.0,0,2015
Rela.,155000.0,0,2015
BG,152000.0,0,2015
Drft.,151000.0,0,2015
CL,150000.0,0,2015
Cohen,147000.0,0,2015
Gold.,145000.0,0,2015
IFC,143000.0,0,2015
Rialto,138000.0,0,2015
CJ,136000.0,0,2015
KL,135000.0,0,2015
A24,131000.0,0,2015
CL,127000.0,0,2015
SM,126000.0,0,2015
RAtt.,121000.0,0,2015
IFC,119000.0,0,2015
AZ,116000.0,0,2015
LGP,112000.0,0,2015
WGUSA,111000.0,0,2015
Drft.,109000.0,0,2015
WGUSA,108000.0,0,2015
CJ,105000.0,0,2015
SM,104000.0,0,2015
FUN,101000.0,0,2015
Alc,101000.0,0,2015
Jan.,96600.0,0,2015
UEP,92700.0,0,2015
Rialto,91900.0,0,2015
Ampl.,91300.0,0,2015
IFC,91200.0,0,2015
Eros,88700.0,0,2015
Magn.,88100.0,0,2015
RTWC,80700.0,0,2015
Orch.,79800.0,0,2015
Osci.,73400.0,0,2015
VE,68400.0,0,2015
TFA,67000.0,0,2015
BG,65500.0,0,2015
IFC,64500.0,0,2015
CL,63700.0,0,2015
MBox,61600.0,0,2015
CL,61600.0,0,2015
Strand,60800.0,0,2015
CGld,60200.0,0,2015
KL,60100.0,0,2015
BG,58700.0,0,2015
CL,54100.0,0,2015
ITL,41100.0,11800,2015
CJ,50200.0,0,2015
LGP,50100.0,0,2015
TA,49700.0,0,2015
Grav.,46900.0,0,2015
RAtt.,45900.0,0,2015
IFC,44900.0,0,2015
Alc,44200.0,0,2015
MR,42900.0,0,2015
KL,42200.0,0,2015
BBC,41300.0,0,2015
CJ,40500.0,0,2015
Osci.,40100.0,0,2015
Gold.,38300.0,0,2015
RTWC,37200.0,0,2015
Distrib.,37100.0,0,2015
LGP,36300.0,0,2015
KL,36200.0,0,2015
FRun,36000.0,0,2015
WGUSA,34900.0,0,2015
KL,34400.0,0,2015
TFA,32299.0,0,2015
CJ,32200.0,0,2015
CFilms,31500.0,0,2015
Part.,30400.0,0,2015
Cohen,29500.0,0,2015
Strand,28100.0,0,2015
Drft.,27200.0,0,2015
EC,24600.0,0,2015
Magn.,24300.0,0,2015
Distrib.,23100.0,0,2015
Zeit.,22900.0,0,2015
CJ,22500.0,0,2015
IFC,22100.0,0,2015
Magn.,21100.0,0,2015
Magn.,18200.0,0,2015
CJ,18000.0,0,2015
Alc,17500.0,0,2015
FRun,16800.0,0,2015
LGP,16800.0,0,2015
Wein.,16700.0,0,2015
Drft.,16600.0,0,2015
Free,14900.0,0,2015
IFC,13900.0,0,2015
FM,13700.0,0,2015
KL,12300.0,0,2015
MBox,11900.0,0,2015
FM,11700.0,0,2015
KL,11000.0,0,2015
CJ,10700.0,0,2015
FOR,10200.0,0,2015
Trib.,9500.0,0,2015
IFC,9200.0,0,2015
FM,9000.0,0,2015
MR,9000.0,0,2015
Free,8900.0,0,2015
Free,8200.0,0,2015
KL,8000.0,0,2015
Distrib.,7400.0,0,2015
IFC,6900.0,0,2015
FR,6800.0,0,2015
KL,6400.0,0,2015
MBox,6300.0,0,2015
A24,6100.0,0,2015
Distrib.,5600.0,0,2015
Trib.,5300.0,0,2015
Magn.,5200.0,0,2015
IFC,4700.0,0,2015
TAFC,4600.0,0,2015
TFA,4600.0,0,2015
KL,4500.0,0,2015
Strand,4500.0,0,2015
Orch.,4400.0,0,2015
CJ,4400.0,0,2015
Strand,3600.0,0,2015
FRun,3600.0,0,2015
Gold.,3500.0,0,2015
Strand,3200.0,0,2015
Icar.,3200.0,0,2015
Magn.,2200.0,0,2015
FM,1500.0,0,2015
Magn.,1200.0,0,2015
Distrib.,900.0,0,2015
Magn.,800.0,0,2015
BWP,700.0,0,2015
KL,700.0,0,2015
FM,300.0,0,2015
BV,408100000.0,745200000,2016
BV,532200000.0,523900000,2016
BV,486300000.0,542300000,2016
BV,341300000.0,682500000,2016
BV,364000000.0,602500000,2016
Uni.,368400000.0,507100000,2016
WB,330400000.0,543300000,2016
WB,234000000.0,580000000,2016
Fox,363100000.0,420000000,2016
WB,325100000.0,421700000,2016
BV,232600000.0,445100000,2016
BV,248800000.0,394600000,2016
Uni.,270400000.0,363800000,2016
Sony,3200000.0,550600000,2016
Fox,155400000.0,388500000,2016
Fox,143500000.0,377600000,2016
LG/S,151100000.0,295000000,2016
Uni.,47400000.0,386300000,2016
Uni.,162400000.0,253100000,2016
Fox,64099999.0,344500000,2016
Fox,103100000.0,286500000,2016
FR,32800.0,385300000,2016
WB,126600000.0,230100000,2016
Sony,107500000.0,244800000,2016
Fox,153700000.0,193200000,2016
Par.,158800000.0,184600000,2016
LG/S,65099999.0,269800000,2016
WB (NL),102500000.0,217900000,2016
Sony,100000000.0,203100000,2016
UTV,12400000.0,290500000,2016
BV,77000000.0,222400000,2016
Fox,87200000.0,209200000,2016
Par.,82100000.0,163600000,2016
Fox,54600000.0,186300000,2016
WB,125100000.0,115700000,2016
Fox,169600000.0,66300000,2016
Sony,128400000.0,100800000,2016
Sony,34300000.0,185700000,2016
WB (NL),127400000.0,89500000,2016
Uni.,24300000.0,187700000,2016
WB (NL),56200000.0,152100000,2016
Focus,62500000.0,143200000,2016
Par.,100500000.0,102800000,2016
CL,710000.0,193000000,2016
STX,113300000.0,70700000,2016
WB,72700000.0,110700000,2016
BV,55500000.0,127900000,2016
LG/S,66200000.0,113100000,2016
LGF,67200000.0,108100000,2016
Uni.,75400000.0,97800000,2016
WGUSA,800000.0,172300000,2016
Uni.,48400000.0,116600000,2016
Sony,93400000.0,68900000,2016
Par.,58700000.0,103400000,2016
SGem,89200000.0,67900000,2016
WGUSA,2700000.0,154200000,2016
WB,86300000.0,68900000,2016
LG/S,31200000.0,119500000,2016
WB (NL),67300000.0,81600000,2016
BV,76200000.0,67500000,2016
Sony,97700000.0,43000000,2016
Wein.,51700000.0,88600000,2016
CL,474000.0,125400000,2016
LG/S,21200000.0,104500000,2016
Uni.,91200000.0,33400000,2016
LG/S,61400000.0,60400000,2016
Par.,40100000.0,79400000,2016
Sony,55100000.0,64000000,2016
Uni.,79200000.0,39400000,2016
Fox,60300000.0,57800000,2016
CL,0.0,114700000,2016
Par.,54800000.0,59700000,2016
WB (NL),46800000.0,65500000,2016
Par.,72100000.0,38100000,2016
Sony,34900000.0,75000000,2016
Uni.,55500000.0,52600000,2016
WGUSA,561000.0,102600000,2016
EOne,1300000.0,96200000,2016
LGF,35600000.0,58500000,2016
Par.,26400000.0,67700000,2016
TriS,41000000.0,52300000,2016
Uni.,59700000.0,29200000,2016
WB (NL),31000000.0,57500000,2016
WGUSA,2100000.0,85400000,2016
Yash,6200000.0,81100000,2016
WB,43000000.0,43200000,2016
LGF,38600000.0,46700000,2016
Uni.,35100000.0,46600000,2016
RAtt.,47700000.0,31300000,2016
Uni.,63300000.0,15600000,2016
FUN,1900000.0,76000000,2016
Fox,46000000.0,31100000,2016
LGF,73200000.0,1600000,2016
TriS,61700000.0,12200000,2016
WGUSA,437000.0,70400000,2016
Focus,48000000.0,21900000,2016
Par.,52900000.0,16600000,2016
A24,27900000.0,37200000,2016
Par.,57700000.0,6700000,2016
STX,35800000.0,28400000,2016
Uni.,30500000.0,33100000,2016
WB,36300000.0,26500000,2016
AR,350000.0,57700000,2016
EC,19700000.0,38100000,2016
Par.,28800000.0,27900000,2016
WB (NL),54000000.0,1000000,2016
BV,27600000.0,24500000,2016
CJ,597000.0,51000000,2016
LGF,31900000.0,18700000,2016
Par.,27400000.0,21500000,2016
ORF,32500000.0,15900000,2016
JBG,467000.0,47700000,2016
Elev.,257000.0,47600000,2016
Focus,3700000.0,43600000,2016
Fox,15800000.0,30400000,2016
Sony,36900000.0,9200000,2016
LGF,20800000.0,24400000,2016
LGF,11100000.0,32700000,2016
Uni.,42200000.0,422000,2016
A24,25100000.0,15300000,2016
LG/S,8000000.0,31500000,2016
LG/S,14700000.0,24100000,2016
FoxS,4800000.0,33100000,2016
LGF,27000000.0,10900000,2016
Focus,26600000.0,11000000,2016
ORF,21600000.0,15700000,2016
TriS,1700000.0,29200000,2016
SGem,29700000.0,911000,2016
Focus,10700000.0,19600000,2016
Fox,14900000.0,15000000,2016
FIP,4300000.0,24100000,2016
Yash,2300000.0,25900000,2016
FIP,1800000.0,26000000,2016
BV,12500000.0,13400000,2016
Sony,6900000.0,18300000,2016
Focus,19200000.0,5900000,2016
STX,20800000.0,4200000,2016
Imax,15500000.0,9400000,2016
PFR,20800000.0,3700000,2016
Par.,7100000.0,16600000,2016
LGF,20000000.0,3300000,2016
ORF,12600000.0,10500000,2016
Par.,23100000.0,0,2016
BST,5900000.0,16900000,2016
WB,10400000.0,12300000,2016
SPC,1500000.0,21000000,2016
LGP,0.0,22400000,2016
ORF,11700000.0,10500000,2016
WB (NL),20600000.0,0,2016
FIP,201000.0,20200000,2016
STX,14400000.0,4400000,2016
LGF,18700000.0,0,2016
BST,18700000.0,0,2016
BG,17800000.0,0,2016
W/Dim.,55000.0,17600000,2016
FIP,1600000.0,16000000,2016
Rela.,17400000.0,0,2016
LGF,17100000.0,0,2016
STX,9300000.0,7600000,2016
SGem,10900000.0,5500000,2016
BG,15400000.0,0,2016
FIP,2600000.0,12800000,2016
HTR,50300.0,14800000,2016
WGUSA,75500.0,14600000,2016
RAtt.,14400000.0,0,2016
Fox,3000000.0,11300000,2016
RAtt.,14000000.0,0,2016
FoxS,14000000.0,0,2016
Wein.,3200000.0,10400000,2016
EC,6900000.0,6200000,2016
Focus,7800000.0,5200000,2016
Abr.,2900000.0,9400000,2016
IFC,3900000.0,8400000,2016
PNT,11500000.0,0,2016
BH Tilt,10800000.0,0,2016
RAtt.,3200000.0,7600000,2016
LGF,9700000.0,745000,2016
BV,8900000.0,1500000,2016
EC,3500000.0,5600000,2016
Focus,8800000.0,0,2016
Fox,3900000.0,4900000,2016
A24,8700000.0,0,2016
FM,54100.0,7900000,2016
IFC,57000.0,7800000,2016
FoxS,2000000.0,5500000,2016
RAtt.,6300000.0,208000,2016
Focus,6500000.0,0,2016
BH Tilt,4800000.0,1500000,2016
ORF,3800000.0,2500000,2016
WB,3700000.0,2500000,2016
Sony,13500.0,6100000,2016
IFC,10500.0,6000000,2016
Sony,78600.0,5600000,2016
RAtt.,1400000.0,4300000,2016
A24,5700000.0,0,2016
Orch.,5200000.0,0,2016
ORF,5100000.0,0,2016
Wein.,4700000.0,0,2016
Drft.,30200.0,4600000,2016
SPC,4300000.0,0,2016
RAtt.,4200000.0,0,2016
A24,4200000.0,0,2016
BST,4099999.0,0,2016
RAtt.,3400000.0,523000,2016
CineGalaxy,3900000.0,0,2016
Fox,3700000.0,233000,2016
Drft.,3800000.0,0,2016
Fathom,3800000.0,0,2016
FIP,219000.0,3500000,2016
MBox,3500000.0,0,2016
SPC,2600000.0,850000,2016
Par.,3400000.0,0,2016
SPC,3400000.0,0,2016
EOne,13100.0,3300000,2016
A24,3200000.0,0,2016
SPC,3200000.0,0,2016
PNT,3100000.0,0,2016
STX,2000000.0,1000000,2016
BST,3000000.0,0,2016
PFR,2400000.0,255000,2016
Sony,650000.0,1900000,2016
Rela.,2400000.0,0,2016
Relbig.,2400000.0,0,2016
SPC,2300000.0,0,2016
BST,2200000.0,0,2016
A24,33300.0,2100000,2016
PFR,2100000.0,0,2016
BG,2000000.0,0,2016
Magn.,2000000.0,0,2016
FoxS,2000000.0,0,2016
A24,663000.0,1200000,2016
PNT,1700000.0,0,2016
IFC,14000.0,1700000,2016
IFC,1700000.0,0,2016
Zee,1100000.0,571000,2016
SPC,1600000.0,0,2016
Wein.,1500000.0,0,2016
SPC,1500000.0,0,2016
BG,1300000.0,0,2016
Osci.,1300000.0,0,2016
Eros,1300000.0,0,2016
UTV,1300000.0,0,2016
Ampl.,1200000.0,0,2016
Orch.,1200000.0,0,2016
Men.,1100000.0,0,2016
Osci.,47300.0,1100000,2016
Relbig.,1100000.0,0,2016
YFG,1100000.0,0,2016
IFC,1100000.0,0,2016
MBox,1100000.0,0,2016
BST,1100000.0,0,2016
CJ,1000000.0,0,2016
Eros,982000.0,0,2016
SPC,941000.0,0,2016
Orch.,939000.0,0,2016
Gaatri,898000.0,0,2016
Eros,858000.0,0,2016
Eros,813000.0,0,2016
WGUSA,787000.0,0,2016
CL,780000.0,0,2016
WB,765000.0,0,2016
Magn.,703000.0,0,2016
Eros,701000.0,0,2016
IFC,678000.0,0,2016
IFC,641000.0,0,2016
A24,638000.0,0,2016
Gathr,629000.0,0,2016
Magn.,614000.0,0,2016
Magn.,595000.0,0,2016
FCW,572000.0,0,2016
WGUSA,569000.0,0,2016
BG,566000.0,0,2016
FR,561000.0,0,2016
W/Dim.,0.0,552000,2016
LGF,544000.0,0,2016
CJ,542000.0,0,2016
UTV,529000.0,0,2016
Magn.,527000.0,0,2016
Cohen,497000.0,0,2016
FUN,491000.0,0,2016
IFC,477000.0,0,2016
SPC,468000.0,0,2016
GK,453000.0,0,2016
UTV,438000.0,0,2016
SPC,435000.0,0,2016
IFC,388000.0,0,2016
Mon,377000.0,0,2016
CL,356000.0,0,2016
Eros,352000.0,0,2016
Magn.,346000.0,0,2016
Rel.,332000.0,0,2016
MBox,307000.0,0,2016
MBox,303000.0,0,2016
GK,295000.0,0,2016
KL,295000.0,0,2016
Cohen,288000.0,0,2016
Vita.,286000.0,0,2016
VE,270000.0,0,2016
Magn.,269000.0,0,2016
SM,263000.0,0,2016
IFC,262000.0,0,2016
Orch.,255000.0,0,2016
A24,243000.0,0,2016
Drft.,232000.0,0,2016
GK,223000.0,0,2016
UTV,204000.0,0,2016
Sony,182000.0,0,2016
Magn.,178000.0,0,2016
Magn.,177000.0,0,2016
CJ,176000.0,0,2016
Orch.,164000.0,0,2016
Cohen,160000.0,0,2016
Magn.,160000.0,0,2016
EOne,152000.0,0,2016
MBox,150000.0,0,2016
Cohen,149000.0,0,2016
SM,135000.0,0,2016
MBox,128000.0,0,2016
PM&E,126000.0,0,2016
KL,125000.0,0,2016
Magn.,123000.0,0,2016
KL,121000.0,0,2016
FM,121000.0,0,2016
WGUSA,120000.0,0,2016
IFC,119000.0,0,2016
KL,112000.0,0,2016
BWP,108000.0,0,2016
CZ,105000.0,0,2016
Icar.,105000.0,0,2016
Strand,100000.0,0,2016
Eros,98900.0,0,2016
CJ,97500.0,0,2016
CL,96400.0,0,2016
CL,92400.0,0,2016
Ghop,90500.0,0,2016
CL,89300.0,0,2016
FM,88000.0,0,2016
Magn.,86000.0,0,2016
KL,82900.0,0,2016
CL,82800.0,0,2016
Cleopatra,82700.0,0,2016
Cohen,80800.0,0,2016
UTV,76900.0,0,2016
A24,12500.0,62200,2016
IFC,71900.0,0,2016
CJ,71800.0,0,2016
BG,67500.0,0,2016
CJ,67100.0,0,2016
Rialto,66100.0,0,2016
Scre.,63800.0,0,2016
CJ,59400.0,0,2016
Dreamwest,57800.0,0,2016
CJ,56600.0,0,2016
Osci.,55800.0,0,2016
Magn.,55500.0,0,2016
W/Dim.,55000.0,0,2016
Cohen,54200.0,0,2016
Pala.,53400.0,0,2016
MBox,52800.0,0,2016
Strand,52700.0,0,2016
Grav.,52500.0,0,2016
CJ,52000.0,0,2016
Strand,52000.0,0,2016
IFC,51900.0,0,2016
CJ,50800.0,0,2016
Distrib.,50300.0,0,2016
Magn.,50300.0,0,2016
SDS,50200.0,0,2016
KL,50100.0,0,2016
Drft.,45300.0,0,2016
CJ,44300.0,0,2016
WGUSA,44000.0,0,2016
Eros,43400.0,0,2016
Strand,42200.0,0,2016
FRun,29500.0,9100,2016
Cohen,37800.0,0,2016
Linn,35800.0,0,2016
Strand,35300.0,0,2016
KL,34800.0,0,2016
FCW,34700.0,0,2016
GK,34400.0,0,2016
CL,34300.0,0,2016
Strand,34300.0,0,2016
FRun,34200.0,0,2016
CJ,34000.0,0,2016
Ghop,32200.0,0,2016
IFC,32200.0,0,2016
Scre.,32000.0,0,2016
KL,31000.0,0,2016
KL,30600.0,0,2016
Strand,30200.0,0,2016
CL,30100.0,0,2016
CJ,29300.0,0,2016
Strand,28600.0,0,2016
Electric,27100.0,0,2016
KL,26700.0,0,2016
Jampa,26700.0,0,2016
Cohen,26100.0,0,2016
Strand,25700.0,0,2016
CL,25400.0,0,2016
KL,25300.0,0,2016
MBox,24900.0,0,2016
IFC,24800.0,0,2016
Ghop,24500.0,0,2016
FR,24100.0,0,2016
Eros,22100.0,0,2016
FCW,21300.0,0,2016
A24,20400.0,0,2016
CZ,18100.0,0,2016
Scre.,15700.0,0,2016
FRun,14900.0,0,2016
CJ,14800.0,0,2016
A24,13200.0,0,2016
FM,12800.0,0,2016
Magn.,12500.0,0,2016
Strand,12500.0,0,2016
Zeit.,11700.0,0,2016
EpicPics,11300.0,0,2016
KL,10300.0,0,2016
MR,9000.0,0,2016
FR,8900.0,0,2016
Magn.,8900.0,0,2016
A24,8300.0,0,2016
FM,8100.0,0,2016
Crnth,7600.0,0,2016
BBC,7500.0,0,2016
Crnth,6200.0,0,2016
Drft.,5700.0,0,2016
FCW,4600.0,0,2016
Distrib.,3100.0,0,2016
Distrib.,1600.0,0,2016
Distrib.,800.0,0,2016
Distrib.,700.0,0,2016
KL,300.0,0,2016
Magn.,300.0,0,2016
BV,620200000.0,712400000,2017
BV,504000000.0,759500000,2017
Uni.,226000000.0,"1,010.0",2017
Uni.,264600000.0,770200000,2017
Sony,404500000.0,557600000,2017
Sony,334200000.0,546000000,2017
HC,2700000.0,867600000,2017
BV,389800000.0,473900000,2017
BV,315100000.0,538900000,2017
WB,412600000.0,409300000,2017
BV,209700000.0,597400000,2017
BV,172600000.0,622300000,2017
WB (NL),327500000.0,372900000,2017
WB,229000000.0,428900000,2017
Fox,226300000.0,392700000,2017
Par.,130199999.0,475300000,2017
WB,168100000.0,398600000,2017
Fox,175000000.0,353000000,2017
WB,188000000.0,337200000,2017
Fox,146900000.0,343800000,2017
Fox,174300000.0,260700000,2017
Fox,100200000.0,310700000,2017
Uni.,80200000.0,329000000,2017
BV,152900000.0,231000000,2017
Uni.,114600000.0,267000000,2017
FUN,5000000.0,353000000,2017
Fox,102800000.0,250000000,2017
Par.,44900000.0,301200000,2017
Uni.,45500000.0,289400000,2017
SGem,26800000.0,285400000,2017
WB,175800000.0,136200000,2017
WB (NL),102100000.0,204400000,2017
LGF,132400000.0,173500000,2017
Fox,84400000.0,211700000,2017
Uni.,138300000.0,140200000,2017
WB,92100000.0,167200000,2017
Uni.,176000000.0,79400000,2017
WGUSA,363000.0,253800000,2017
GrtIndia,20200000.0,234000000,2017
Sony,880000.0,245700000,2017
Fox,74300000.0,166600000,2017
TriS,107800000.0,119100000,2017
STX,41200000.0,184700000,2017
WB,33700000.0,187900000,2017
Sony,86100000.0,131699999,2017
Uni.,64500000.0,140500000,2017
Sony,45000000.0,152200000,2017
FoxS,63900000.0,131400000,2017
Uni.,104900000.0,80500000,2017
Par.,104000000.0,76600000,2017
Fox,81900000.0,97900000,2017
Par.,58100000.0,119800000,2017
LG/S,75500000.0,101100000,2017
LG/S,92000000.0,79500000,2017
Par.,40600000.0,129199999,2017
FoxS,54500000.0,104700000,2017
CL,472000.0,150600000,2017
Focus,56500000.0,94400000,2017
WB,39200000.0,109500000,2017
STX,34400000.0,111000000,2017
LGF,85400000.0,57000000,2017
Uni.,115200000.0,25400000,2017
Uni.,51300000.0,83500000,2017
STX,72100000.0,58400000,2017
Fox,73900000.0,51600000,2017
Uni.,55700000.0,69800000,2017
WB,59300000.0,63800000,2017
0,0.0,122000000,2017
Sony,50700000.0,62500000,2017
CL,293000.0,109300000,2017
Wein.,21900000.0,81400000,2017
LGF,38100000.0,64900000,2017
WGUSA,218000.0,102000000,2017
Sony,30200000.0,70300000,2017
Focus,51700000.0,48300000,2017
LG/S,57400000.0,39600000,2017
CL,100000.0,95600000,2017
Yash,5600000.0,81800000,2017
WB (NL),45000000.0,39900000,2017
Par.,27800000.0,55300000,2017
WGUSA,1500000.0,80100000,2017
SGem,30400000.0,50700000,2017
A24,49000000.0,30000000,2017
LGF,36200000.0,31000000,2017
FUN,424000.0,65800000,2017
Focus,22200000.0,43200000,2017
ORF,28400000.0,36800000,2017
Par.,33400000.0,31100000,2017
Fox,30300000.0,32500000,2017
Sony,40900000.0,22000000,2017
PNT,32100000.0,29700000,2017
WB,34100000.0,27500000,2017
Fox,45900000.0,15000000,2017
LGF,21900000.0,38400000,2017
STX,28800000.0,30500000,2017
TriS,25100000.0,31900000,2017
LGF,42900000.0,13500000,2017
CJ,476000.0,55500000,2017
Par.,24400000.0,30600000,2017
Neon,30000000.0,23900000,2017
BST,27800000.0,20700000,2017
LGF,47300000.0,1000000,2017
Focus,21200000.0,26600000,2017
Sony,22100000.0,25200000,2017
CJ,1100000.0,45000000,2017
Sony,16900000.0,28300000,2017
LG/S,44900000.0,0,2017
Par.,17800000.0,26700000,2017
ENTMP,44300000.0,0,2017
Uni.,6700000.0,36400000,2017
FoxS,24800000.0,18200000,2017
Good Deed,6700000.0,35500000,2017
SPC,18100000.0,23800000,2017
TriS,2400000.0,39300000,2017
WB (NL),32200000.0,8900000,2017
Fox,20700000.0,19400000,2017
WB (NL),25600000.0,8600000,2017
ParC,5900.0,34200000,2017
Wein.,33800000.0,0,2017
ORF,20800000.0,12100000,2017
Aviron,31000000.0,0,2017
A24,21100000.0,8700000,2017
ENTMP,29800000.0,0,2017
Focus,10700000.0,16700000,2017
ORF,27000000.0,0,2017
FIP,1400000.0,25500000,2017
WB,18600000.0,8199999,2017
STX,22400000.0,4300000,2017
Fox,8100000.0,18500000,2017
Focus,17600000.0,8600000,2017
Sony,18300000.0,7400000,2017
WB,17500000.0,8100000,2017
FIP,2000000.0,23200000,2017
BV,13900000.0,11200000,2017
Wein.,12800000.0,11300000,2017
FIP,1700000.0,21300000,2017
LGF,17300000.0,4600000,2017
Elev.,1500000.0,19200000,2017
STX,20500000.0,0,2017
A24,14000000.0,5300000,2017
BST,8600000.0,10700000,2017
WB,11400000.0,6400000,2017
PFR,14700000.0,3000000,2017
Annapurna,16800000.0,0,2017
Amazon,1400000.0,14500000,2017
Wein.,7200000.0,7700000,2017
STX,7900000.0,6900000,2017
BG,14300000.0,0,2017
FoxS,3900000.0,9900000,2017
Sony,12000000.0,1100000,2017
Sony,759000.0,12100000,2017
FoxS,12600000.0,0,2017
ORF,8199999.0,4200000,2017
ORF,12200000.0,0,2017
BBC,81300.0,11600000,2017
Uni.,9500000.0,0,2017
LG/S,9400000.0,0,2017
FoxS,2700000.0,6500000,2017
FR,211000.0,8800000,2017
RAtt.,4200000.0,4200000,2017
Wein.,2500000.0,5900000,2017
IFC,1100000.0,6700000,2017
W/Dim.,700.0,7700000,2017
BG,6100000.0,1600000,2017
RAtt.,7100000.0,310000,2017
Magn.,7100000.0,0,2017
SPC,922000.0,5700000,2017
IFC,47700.0,6500000,2017
SPC,6200000.0,0,2017
Affirm,5800000.0,140000,2017
A24,5900000.0,0,2017
Par.,5800000.0,0,2017
BST,5700000.0,0,2017
SPC,5600000.0,0,2017
FIP,468000.0,5000000,2017
FIP,356000.0,5000000,2017
Par.,3500000.0,1900000,2017
FoxS,3600000.0,1400000,2017
ORF,2300000.0,2500000,2017
RAtt.,1800000.0,2700000,2017
SPC,769000.0,3600000,2017
Distrib.,1000000.0,2900000,2017
Annapurna,2100000.0,1700000,2017
ENTMP,3800000.0,0,2017
STX,3600000.0,0,2017
RAtt.,1100000.0,2200000,2017
SPC,3200000.0,0,2017
FCW,515000.0,2600000,2017
Neon,3000000.0,0,2017
FIP,410000.0,2500000,2017
Imax,1500000.0,1300000,2017
Osci.,2800000.0,0,2017
RAtt.,624000.0,1900000,2017
PNT,2500000.0,0,2017
Sony,97000.0,2400000,2017
Cohen,2400000.0,0,2017
Fathom,2400000.0,0,2017
Scre.,2300000.0,0,2017
PNT,2200000.0,0,2017
A24,2000000.0,0,2017
PNT,1900000.0,0,2017
WGUSA,1900000.0,0,2017
CL,1900000.0,0,2017
LGF,965000.0,904000,2017
MBox,1900000.0,0,2017
A24,1800000.0,0,2017
BST,1800000.0,0,2017
Magn.,528000.0,1300000,2017
Abr.,1700000.0,0,2017
A24,1600000.0,0,2017
Magn.,1500000.0,0,2017
FoxS,800000.0,682000,2017
RAtt.,1400000.0,0,2017
IFC,1300000.0,0,2017
Cohen,1300000.0,0,2017
CBS,1300000.0,0,2017
PNT,1200000.0,0,2017
MOM,14800.0,1100000,2017
RAtt.,1100000.0,0,2017
SPC,1000000.0,0,2017
SV,1000000.0,0,2017
Magn.,956000.0,0,2017
Cohen,954000.0,0,2017
Yash,930000.0,0,2017
MBox,881000.0,0,2017
Zeit.,820000.0,0,2017
Gathr,727000.0,0,2017
BG,123000.0,578000,2017
Par.,692000.0,0,2017
Osci.,692000.0,0,2017
Eros,690000.0,0,2017
MBox,604000.0,0,2017
Wein.,156000.0,375000,2017
FUN,519000.0,0,2017
CJ,507000.0,0,2017
Vita.,360000.0,143000,2017
BST,490000.0,0,2017
BG,444000.0,0,2017
KL,378000.0,0,2017
Orion,336000.0,0,2017
GK,312000.0,0,2017
Elev.,310000.0,0,2017
GK,310000.0,0,2017
SPC,302000.0,0,2017
FM,272000.0,0,2017
IFC,263000.0,0,2017
IFC,260000.0,0,2017
Magn.,258000.0,0,2017
CJ,253000.0,0,2017
FUN,248000.0,0,2017
WGUSA,242000.0,0,2017
IFC,128000.0,100000,2017
WGUSA,207000.0,0,2017
Jan.,184000.0,0,2017
FR,181000.0,0,2017
IFC,176000.0,0,2017
Abr.,174000.0,0,2017
FUN,172000.0,0,2017
Jan.,171000.0,0,2017
SPC,162000.0,0,2017
IFC,155000.0,0,2017
Scre.,151000.0,0,2017
Magn.,151000.0,0,2017
Orch.,147000.0,0,2017
Orch.,125000.0,0,2017
CL,123000.0,0,2017
Gold.,113000.0,0,2017
KL,113000.0,0,2017
Strand,107000.0,0,2017
CJ,105000.0,0,2017
Jan.,102000.0,0,2017
Grav.,101000.0,0,2017
Eros,99600.0,0,2017
WGUSA,96800.0,0,2017
CFI,96000.0,0,2017
WGUSA,91300.0,0,2017
CJ,91000.0,0,2017
FIP,84500.0,0,2017
Strand,81100.0,0,2017
KL,78000.0,0,2017
CJ,63200.0,0,2017
UTMW,62500.0,0,2017
CLS,60300.0,0,2017
Crimson,54200.0,0,2017
Strand,50500.0,0,2017
GK,48200.0,0,2017
CL,46800.0,0,2017
WGUSA,43100.0,0,2017
Osci.,41600.0,0,2017
Magn.,38700.0,0,2017
KL,37600.0,0,2017
FM,33400.0,0,2017
IFC,33100.0,0,2017
WGUSA,27700.0,0,2017
KL,26400.0,0,2017
CAVU,25300.0,0,2017
Magn.,22900.0,0,2017
EF,22800.0,0,2017
Abr.,21900.0,0,2017
GK,21800.0,0,2017
Arrow,21000.0,0,2017
WGUSA,20400.0,0,2017
ADC,20200.0,0,2017
FM,18400.0,0,2017
KL,15100.0,0,2017
WGUSA,14200.0,0,2017
Sony,14000.0,0,2017
VE,12500.0,0,2017
Strand,12400.0,0,2017
FR,11500.0,0,2017
Distrib.,8500.0,0,2017
VE,7800.0,0,2017
Strand,6600.0,0,2017
A24,5700.0,0,2017
FM,5600.0,0,2017
Sony,5500.0,0,2017
VE,4200.0,0,2017
Hiber,3600.0,0,2017
Distrib.,500.0,0,2017
Magn.,400.0,0,2017
BV,678800000.0,"1,369.5",2018
BV,700100000.0,646900000,2018
Uni.,417700000.0,891800000,2018
BV,608600000.0,634200000,2018
WB,335100000.0,812700000,2018
Fox,216400000.0,687200000,2018
Sony,213500000.0,641500000,2018
Par.,220200000.0,571000000,2018
Fox,318500000.0,460500000,2018
WB,159600000.0,494100000,2018
BV,216600000.0,406000000,2018
WB,137700000.0,445200000,2018
WGUSA,1500000.0,577700000,2018
WB,2000000.0,542100000,2018
WB,145400000.0,384800000,2018
BV,201100000.0,328100000,2018
Sony,167500000.0,361100000,2018
Uni.,270600000.0,241000000,2018
Par.,127200000.0,340800000,2018
WB,215300000.0,218900000,2018
WB (NL),101000000.0,327000000,2018
Uni.,120600000.0,274400000,2018
BV,213800000.0,179200000,2018
Sony,190200000.0,185300000,2018
Uni.,100400000.0,271500000,2018
WB (NL),117500000.0,248100000,2018
LGF,706000.0,361000000,2018
Sony,115300000.0,236000000,2018
BV,172000000.0,177600000,2018
Par.,188000000.0,152900000,2018
Uni.,85100000.0,234700000,2018
Uni.,68400000.0,236400000,2018
WB,140200000.0,157500000,2018
Uni.,59900000.0,231100000,2018
Fox,58000000.0,230200000,2018
WB,58300000.0,216400000,2018
Uni.,159300000.0,96100000,2018
WB,174500000.0,64000000,2018
WB,40900000.0,186400000,2018
WB,83200000.0,130900000,2018
MGM,115700000.0,98300000,2018
BV,99200000.0,98500000,2018
Sony,102100000.0,88300000,2018
BV,54900000.0,119100000,2018
WB,103800000.0,68700000,2018
Uni.,67700000.0,100100000,2018
Fox,51000000.0,109500000,2018
Uni.,4400000.0,154500000,2018
Fox,46900000.0,104700000,2018
Uni.,69500000.0,67500000,2018
BV,100500000.0,32200000,2018
Uni.,68500000.0,62900000,2018
Par.,67400000.0,53200000,2018
LGF,36300000.0,83600000,2018
WB (NL),69200000.0,48500000,2018
WGUSA,187000.0,114900000,2018
Uni.,44900000.0,60800000,2018
Uni.,77300000.0,25800000,2018
Studio 8,35900000.0,62300000,2018
LGF,53500000.0,44100000,2018
FoxS,34400000.0,61600000,2018
Uni.,41400000.0,53900000,2018
STX,48800000.0,45700000,2018
Uni.,60300000.0,33700000,2018
Sony,46700000.0,46600000,2018
Focus,49300000.0,44000000,2018
PNT,50300000.0,40900000,2018
Par.,43200000.0,47100000,2018
LG/S,30800000.0,54000000,2018
Uni.,16000000.0,67700000,2018
WGUSA,747000.0,82100000,2018
STX,44900000.0,35600000,2018
A24,44100000.0,35300000,2018
WB (NL),54700000.0,23400000,2018
Annapurna,47800000.0,28200000,2018
Fox,42400000.0,33600000,2018
Sony,50100000.0,25800000,2018
SGem,26000000.0,49400000,2018
LGF,33600000.0,41800000,2018
STX,39300000.0,33000000,2018
FIP,7900000.0,63600000,2018
Par.,68600000.0,0,2018
WB,45800000.0,21600000,2018
Fox,40800000.0,25500000,2018
STX,36100000.0,30200000,2018
WB (NL),53100000.0,12800000,2018
FoxS,32000000.0,32200000,2018
STX,31400000.0,28500000,2018
WB,36300000.0,20800000,2018
LGF,8300000.0,46400000,2018
STX,35400000.0,18400000,2018
WB,29800000.0,22300000,2018
SGem,30600000.0,21200000,2018
Uni.,46800000.0,4600000,2018
Fox,6100000.0,44400000,2018
VPD,289000.0,46800000,2018
LG/S,42500000.0,4200000,2018
LGF,43500000.0,2900000,2018
Focus,16500000.0,29900000,2018
SGem,14800000.0,28200000,2018
Par.,21700000.0,20000000,2018
Fox,12700000.0,28400000,2018
Sony,30600000.0,9900000,2018
Global Road,17900000.0,21300000,2018
Focus,24600000.0,13600000,2018
CL,70800.0,35300000,2018
Sony,14800000.0,20300000,2018
Fox,29700000.0,5200000,2018
MGM,34000000.0,0,2018
Par.,31700000.0,1800000,2018
Fox,17800000.0,14000000,2018
FIP,1300000.0,29900000,2018
STX,20700000.0,6800000,2018
Global Road,9600000.0,17800000,2018
Sony,1700000.0,25600000,2018
VPD,127000.0,26300000,2018
Studio 8,24000000.0,1900000,2018
LGF,25100000.0,0,2018
IFC,8000000.0,16600000,2018
Aviron,24600000.0,0,2018
Affirm,17600000.0,5500000,2018
VPD,11800000.0,11100000,2018
SGem,20900000.0,876000,2018
Sony,20500000.0,236000,2018
Annapurna,14900000.0,5700000,2018
Trafalgar,4200000.0,16100000,2018
WGUSA,104000.0,18500000,2018
SPC,9600000.0,8600000,2018
LGF,11100000.0,7100000,2018
ENTMP,17400000.0,591000,2018
WB,18000000.0,0,2018
NGE,17500000.0,0,2018
A24,548000.0,17000000,2018
Amazon,7600000.0,8700000,2018
LG/S,15800000.0,0,2018
Focus,9400000.0,6300000,2018
BH Tilt,8900000.0,6300000,2018
BH Tilt,12000000.0,2400000,2018
BST,7700000.0,6600000,2018
Annapurna,3100000.0,10000000,2018
Uni.,10800000.0,2100000,2018
Global Road,6700000.0,6000000,2018
Magn.,1400.0,12300000,2018
Sony,1300000.0,10900000,2018
Focus,6800000.0,5000000,2018
MBox,258000.0,11400000,2018
Greenwich,1600000.0,9900000,2018
FoxS,11300000.0,0,2018
STX,5000000.0,6000000,2018
CJ,94500.0,10600000,2018
LGF,5700000.0,4300000,2018
GK,35800.0,9600000,2018
LGF,9200000.0,336000,2018
FoxS,8800000.0,0,2018
Focus,3300000.0,5400000,2018
Focus,2000000.0,6600000,2018
LGF,448000.0,8000000,2018
Amazon,2500000.0,5400000,2018
BST,3500000.0,4400000,2018
Spanglish,2600000.0,5200000,2018
Amazon,4099999.0,3700000,2018
BST,5000000.0,2500000,2018
Distrib.,37100.0,7300000,2018
Sony,390000.0,6200000,2018
ENTMP,6100000.0,0,2018
Orion,6100000.0,0,2018
BST,6000000.0,0,2018
FUN,5800000.0,0,2018
Annapurna,1500000.0,4000000,2018
Blue Fox,91000.0,5300000,2018
BST,5100000.0,0,2018
LG/S,4300000.0,530000,2018
Amazon,4600000.0,0,2018
BST,2300000.0,2200000,2018
VE,4300000.0,0,2018
Scre.,29500.0,4200000,2018
Yash,330000.0,3900000,2018
PNT,4200000.0,0,2018
Amazon,1400000.0,2500000,2018
Aviron,1600000.0,2200000,2018
RAtt.,3700000.0,0,2018
Electric,3400000.0,0,2018
Cohen,200000.0,3100000,2018
Magn.,3300000.0,0,2018
Sony,2000000.0,1200000,2018
WB,3200000.0,0,2018
IFC,1100000.0,2000000,2018
PNT,2800000.0,0,2018
Amazon,2500000.0,0,2018
VE,1300.0,2500000,2018
SPC,2400000.0,0,2018
GK,2400000.0,0,2018
VE,491000.0,1700000,2018
SPC,2000000.0,0,2018
Fathom,1900000.0,0,2018
SPC,1700000.0,0,2018
LGF,1400.0,1500000,2018
RAtt.,1400000.0,0,2018
SPC,1300000.0,0,2018
RLJ,1200000.0,0,2018
Eros,1200000.0,0,2018
A24,1200000.0,0,2018
Swen,1000000.0,0,2018
Eros,1000000.0,0,2018
Cohen,1000000.0,0,2018
EOne,990000.0,0,2018
IFC,725000.0,229000,2018
FR,905000.0,0,2018
PackYourBag,901000.0,0,2018
Uni.,833000.0,0,2018
GK,813000.0,0,2018
RAtt.,800000.0,0,2018
Fathom,789000.0,0,2018
RAtt.,750000.0,0,2018
WGUSA,719000.0,0,2018
SPC,619000.0,0,2018
Fathom,616000.0,0,2018
Fathom,583000.0,0,2018
Eros,567000.0,0,2018
SPC,566000.0,0,2018
Fathom,550000.0,0,2018
GK,525000.0,0,2018
CJ,501000.0,0,2018
SPC,466000.0,0,2018
SPC,462000.0,0,2018
Gaum.,411000.0,0,2018
Fathom,394000.0,0,2018
FM,375000.0,0,2018
Greenwich,365000.0,0,2018
Grindstone,10000.0,256000,2018
BST,260000.0,0,2018
Eros,250000.0,0,2018
Neon,231000.0,0,2018
Abr.,231000.0,0,2018
Fathom,221000.0,0,2018
Fathom,194000.0,0,2018
Osci.,186000.0,0,2018
Elev.,186000.0,0,2018
PackYourBag,182000.0,0,2018
CL,181000.0,0,2018
CJ,179000.0,0,2018
MBox,177000.0,0,2018
VPD,170000.0,0,2018
Cohen,168000.0,0,2018
IFC,149000.0,0,2018
Vita.,149000.0,0,2018
Conglomerate,147000.0,0,2018
Orch.,126000.0,0,2018
MBox,120000.0,0,2018
MUBI,117000.0,0,2018
WGUSA,115000.0,0,2018
CJ,112000.0,0,2018
Orch.,112000.0,0,2018
CJ,111000.0,0,2018
MBox,109000.0,0,2018
IFC,109000.0,0,2018
FM,108000.0,0,2018
Eros,104000.0,0,2018
Eros,103000.0,0,2018
Magn.,103000.0,0,2018
Neon,102000.0,0,2018
WGUSA,101000.0,0,2018
Darin Southa,93200.0,5200,2018
FM,89300.0,0,2018
IFC,88000.0,0,2018
KL,83900.0,0,2018
Cohen,82300.0,0,2018
EOne,78000.0,0,2018
Eros,75900.0,0,2018
CJ,75100.0,0,2018
KL,74800.0,0,2018
OutF,73500.0,0,2018
Magn.,73300.0,0,2018
FM,43200.0,30000,2018
Eros,72000.0,0,2018
Magn.,67600.0,0,2018
Super,52100.0,0,2018
FM,50900.0,0,2018
Super,46300.0,0,2018
Cohen,44300.0,0,2018
KL,44200.0,0,2018
IFC,41900.0,0,2018
CL,37700.0,0,2018
WGUSA,37100.0,0,2018
Distrib.,36400.0,0,2018
MBox,28300.0,0,2018
FM,26200.0,0,2018
Scre.,24300.0,0,2018
Strand,22100.0,0,2018
Uni.,22000.0,0,2018
KL,21600.0,0,2018
CL,20700.0,0,2018
Strand,18400.0,0,2018
Icar.,17800.0,0,2018
IFC,14000.0,0,2018
CARUSEL,13000.0,0,2018
CLS,12900.0,0,2018
Men.,12200.0,0,2018
PDF,11700.0,0,2018
Strand,11400.0,0,2018
CARUSEL,10000.0,0,2018
Osci.,8900.0,0,2018
Magn.,6200.0,0,2018
FM,4800.0,0,2018
Sony,2500.0,0,2018
Synergetic,2400.0,0,2018
Grav.,1700.0,0,2018
